2970   3419
1198   1199
2409   2655
2212   2464
1973   2364
2839   3417
1707   1741
2199   2629
2353   2386
2575   2606
2190   2353
1227   1587
697   726
2974   3158
649   1023
1333   1784
3872   3950
2324   2460
3655   3747
1684   3305
13   67
1916   1932
2190   2526
2084   2579
2748   3046
1290   1335
1597   1827
3016   3419
580   1122
2074   2347
2924   2956
2059   2591
2018   2657
2129   2614
2382   2456
2239   2247
1465   2649
3501   3889
2427   2611
107   1171
2827   3033
828   838
465   493
3245   3403
2783   3198
2111   2589
457   516
2161   2617
3512   3760
2420   2511
2944   3026
2021   2574
2081   2475
2155   2343
136   2250
2994   3149
1048   1416
1598   1772
2711   3366
2233   2329
1524   1804
3869   3931
2825   2921
438   500
3664   3776
1037   1259
1920   2267
3437   3824
1388   1589
3196   3402
2943   3301
2913   3384
2863   3101
1250   1367
3214   3337
967   1622
2417   2447
1477   1792
1912   2540
3013   3397
2336   2616
2919   3004
1076   1198
2220   2392
2682   3334
2361   2440
2754   3129
2863   3357
2869   3113
1076   1827
5   156
2778   3148
3060   3350
1107   1156
362   463
2869   3270
483   497
78   273
2323   2404
2346   2389
1181   1737
1970   2605
2095   2261
2226   2608
1123   1765
3437   3740
3474   3738
370   428
926   1608
1155   1844
23   237
1995   2337
745   799
3199   3434
2430   2578
2001   2337
1554   1609
3248   3424
698   856
2372   2384
909   1045
1284   1857
1182   1522
1750   1789
1684   3057
1428   1624
1124   1736
361   531
3636   3815
3529   3869
1951   1991
1017   1331
1006   1522
993   1835
2244   2428
2206   2477
1177   1499
1912   2044
397   449
2068   2174
2777   2911
2414   2590
2090   2630
1289   1839
2739   2951
1146   1302
1520   1523
1549   1574
3448   3677
573   636
2154   2213
1709   1807
25   98
1941   2468
1962   2326
1199   1542
3150   3291
122   284
2102   2143
1697   1702
1598   1823
2578   2655
2347   2369
2212   2492
1423   1841
2340   2428
1515   1595
2890   2985
3240   3276
1983   2121
573   605
107   1467
2261   2353
2271   2430
115   137
1161   1540
953   1201
2244   2579
1519   1527
107   1806
1230   1269
2696   3274
3480   3545
573   672
119   200
2038   2053
2869   3051
1725   1850
1945   2594
1704   1820
2064   2467
1198   1613
3001   3233
1684   3162
915   1778
2807   2837
2741   2916
428   436
2032   2247
1774   1851
1995   2011
708   823
2462   2551
2233   2287
1919   2341
1309   1392
1340   1714
107   1595
1912   2328
2617   2652
1986   2619
1981   2221
3256   3425
1932   1994
1584   1712
925   1610
348   1025
2384   2508
2030   2136
2090   2216
2430   2507
107   1774
2591   2655
1917   2240
41   214
686   701
436   683
1117   1153
1951   2009
592   621
1014   1725
2098   2359
951   1618
1260   1355
901   1137
1684   3027
1243   1621
2829   3295
1912   2143
2469   2624
3710   3722
107   1072
360   373
526   1110
696   745
2939   3434
1376   1689
2742   2796
2773   2915
504   544
2090   2142
3056   3195
2104   2625
641   1122
1335   1399
3800   3938
2003   2384
973   1883
3576   3731
136   2068
507   520
375   484
2044   2288
2212   2630
2027   2364
1193   1585
2828   3169
2065   2592
975   1192
2122   2409
3437   3857
1221   1345
1971   2359
2132   2377
1107   1431
2150   2499
2323   2553
2095   2115
3010   3026
898   1309
1225   1338
1256   1341
2117   2637
2408   2500
1912   2094
2906   3142
1199   1839
2282   2347
1734   1761
3054   3078
1056   1805
1953   2560
1457   1746
1290   1683
3545   3681
1920   2196
2246   2471
2990   3191
1329   1643
1513   1779
408   465
1730   1771
1242   1659
651   1320
943   1167
2960   3129
896   1873
2829   3366
2378   2633
1983   1985
2081   2436
2220   2430
1509   1683
1955   2133
1036   1298
1647   1716
380   389
2877   2994
2782   3052
1431   1520
2124   2324
1049   1075
1456   1610
2136   2233
2551   2611
0   240
3516   3830
1352   1833
3610   3888
122   315
1056   1584
2345   2461
3793   3951
2680   3193
2911   2920
1536   1770
2873   3104
2268   2419
2073   2121
1104   1192
3052   3324
2328   2531
1345   1661
764   793
2679   3104
482   565
2374   2376
975   1292
3443   3469
1597   1603
2336   2533
3437   3704
934   1376
2020   2347
1984   2576
2124   2500
115   343
1106   1507
3692   3721
156   295
2344   2355
1959   2319
1952   2226
1080   1427
1569   1635
2078   2084
1110   1688
1986   2381
748   770
517   1778
1289   1483
2327   2543
2376   2410
1973   2636
1120   1404
2676   2694
2101   2344
2907   2943
1970   2537
1827   1877
1684   3336
2436   2617
362   570
185   344
2586   2631
1004   1717
1981   2110
1943   2428
1957   1995
1978   2503
3172   3272
2095   2578
2755   2905
1684   2696
2720   3038
3189   3198
3519   3957
1128   1539
3226   3426
907   948
1912   2585
2414   2607
41   343
2038   2367
2340   2446
21   236
1994   2196
1125   1163
3557   3804
1986   2165
1940   2151
3325   3382
2072   2254
3719   3927
1277   1783
1986   2060
2841   3327
957   1691
1420   1663
1269   1835
1355   1500
514   517
1211   1604
1421   1615
2283   2465
643   650
2330   2588
936   1155
1329   1753
2220   2323
567   3487
2299   2359
1053   1896
2183   2472
2601   2606
2723   2787
2332   2511
2931   3054
952   1793
366   460
2026   2187
1287   1714
2165   2619
374   444
1329   1608
1912   2185
1188   1338
3437   3677
2560   2630
107   1309
1004   1888
1132   1522
3472   3526
2273   2498
1993   2164
982   1391
2785   3352
1250   1522
981   1462
1339   1804
142   277
2078   2347
2372   2629
2785   3101
2669   2896
107   938
960   1069
2083   2478
2414   2433
2056   2387
3234   3400
921   1589
2549   2586
643   662
2218   2220
896   1277
1793   1839
686   841
3474   3823
3568   3680
2507   2554
2369   2507
2907   3073
2835   3104
2150   2495
484   520
2763   2862
2784   3275
2000   2192
641   651
2396   2458
1000   1228
2429   2478
1339   1563
2498   2616
2339   2391
1559   1668
1984   2561
2328   2525
3220   3363
1964   2317
1979   2020
3273   3346
26   313
1367   1399
907   1677
763   836
2283   2355
1938   2237
1159   1275
1130   1480
1926   2475
2246   2247
1358   1427
506   553
698   858
2354   2590
537   561
2031   2133
0   123
2590   2604
2605   2649
1211   1377
2213   2559
1214   1388
2428   2559
1182   1269
2165   2410
1124   1334
2806   2910
958   1371
2520   2602
994   1435
2912   3142
1259   1630
1339   1610
2192   2639
2069   2077
2833   2937
2262   2300
1026   1250
1365   1589
2169   2180
1184   1685
2218   2467
2559   2630
2098   2109
2090   2306
2353   2495
422   449
696   824
1086   1571
366   1740
1230   1707
2102   2543
3287   3403
1941   2285
1156   1431
1515   1582
3726   3829
1221   1315
1377   1761
1235   1661
957   1636
1052   1504
2334   2611
2299   2654
1167   1299
1402   1826
3635   3804
2309   2553
1993   2306
2698   2800
1153   1181
2955   3219
2861   3053
1918   2213
1352   1861
1161   1618
1279   1715
3049   3267
1136   1593
2706   2891
526   1444
2057   2445
1955   2223
2226   2419
2395   2602
917   1703
2191   2653
1294   1766
1399   1707
512   556
3232   3339
1984   2233
1547   1793
353   1692
709   848
3611   3845
2187   2332
3980   4019
1024   1130
2092   2140
1419   1858
697   800
1328   1825
2081   2128
127   197
2588   2649
2103   2543
9   291
967   1175
2043   2266
997   1153
1238   1849
1733   1895
355   528
2007   2133
494   526
2869   3386
2007   2196
1361   1621
2338   2496
425   570
3508   3521
1549   1844
1231   1277
1146   1683
3107   3154
1049   1184
2665   3017
1052   1226
982   1809
783   809
719   834
2124   2521
2096   2603
2679   3257
2108   2579
2674   3132
2717   3339
2043   2392
927   1639
1232   1378
1312   1570
3614   3900
1199   1211
1117   1255
3479   3562
1993   2630
2275   2526
107   1810
1184   1198
2308   2630
3360   3397
1109   1681
2048   2292
2131   2206
1912   1917
2684   3079
3212   3406
3084   3104
1207   1839
1040   1125
1487   1675
2011   2157
1117   1772
2911   3108
1360   1410
2073   2112
2793   3288
3584   3924
2683   3363
2039   2250
1938   2539
1042   1536
2953   3014
2033   2638
2098   2428
1718   2598
916   1707
2706   2905
2095   2484
3569   3947
1535   1842
1373   1582
372   558
1256   1741
1926   2241
1791   1800
3643   3855
3049   3419
2104   2374
2043   2046
1222   1804
2123   2553
739   819
3027   3038
1684   2829
3076   3262
2279   2396
2964   3331
2546   2602
1912   2623
1149   1250
2604   2630
3176   3225
3437   3546
2169   2194
2149   2294
698   882
2347   2351
3079   3288
1124   1849
2026   2072
431   456
2329   2604
1370   1736
367   555
1983   2108
2095   2646
2135   2502
3762   3824
2906   3000
1049   1721
1761   1885
1086   1517
953   1768
1643   1723
2140   2395
2105   2126
1391   1793
2201   2216
104   186
2033   2391
1181   1603
2071   2117
1545   1574
2916   3304
2716   3109
2028   2111
986   1308
2060   2393
98   252
1435   1683
3338   3427
935   1781
1129   1764
1250   1902
107   1566
2049   2523
2123   2526
370   456
2047   2068
1530   1902
1952   2221
946   1735
2386   2600
2276   2485
2554   2630
1642   3355
906   1128
3212   3355
2825   2951
3206   3391
2661   3076
727   770
3466   3821
968   1334
1668   1849
553   570
2290   2553
2920   3124
2354   2468
1102   1382
2292   2508
2001   2648
1344   1730
947   1559
1662   1712
107   1506
0   45
1359   1714
0   244
2615   2623
2374   2404
2258   2564
136   2436
1075   1813
1059   1329
3113   3351
2087   2153
1102   1508
930   1625
517   1694
2043   2309
1205   1361
721   736
1211   1393
2253   2624
1221   1578
2310   2461
1501   1513
1912   2345
651   1487
2363   2407
1067   1257
2472   2639
697   727
3013   3041
2200   2201
2932   3187
2032   2224
1429   1706
107   1222
2064   2244
2071   2332
589   654
107   1720
1288   1621
2839   2852
2729   2755
1256   1800
3460   3464
378   527
3485   3559
2095   2477
1166   1725
2115   2586
1482   1650
1993   2542
2666   2872
3213   3220
1600   1789
1569   1783
2132   2343
2433   2550
2117   2491
2915   2931
1431   1757
2138   2417
1169   1428
2733   3258
363   1677
1912   2194
2869   3152
3437   3601
1344   1390
1543   1878
2132   2617
2720   3140
2112   2123
3338   3425
436   438
1718   2125
1927   2159
1124   1327
2664   3098
2403   2534
422   460
1538   1821
107   992
2494   2658
2381   2469
3056   3304
2943   3096
1912   2601
1122   1349
2122   2615
2309   2646
928   1825
2353   2630
426   546
902   1873
2445   2451
1006   1367
2697   3001
1153   1902
1538   1874
997   1199
3980   4030
431   462
2414   2460
2419   2511
363   561
2211   2419
2936   2973
483   493
1578   1862
2433   2586
2343   2629
1248   1401
2731   2738
2007   2463
1540   1622
1709   1748
1919   2636
2040   2433
2835   3174
2604   2625
2253   2347
1948   2592
1184   1819
2336   2516
2233   2430
3473   3538
686   782
1242   1267
2081   2533
2377   2555
376   491
2340   2418
2909   2919
1991   2004
1207   1271
686   762
2078   2552
1539   1663
2123   2240
1524   1613
1912   2344
641   1573
2102   2223
2301   2570
3473   3868
2139   2348
2751   3117
3475   3971
1179   1545
1925   2579
13   304
2276   2655
1335   1800
2121   2299
2282   2588
3437   3926
2731   3084
2333   2475
967   1124
1689   1724
2266   2386
2201   2593
2491   2597
1182   1265
2676   3387
2994   3108
1734   1746
2081   2463
1515   1820
993   1757
967   1290
2040   2561
3668   3761
429   504
1160   1662
387   415
1212   1425
1405   3233
591   634
2047   2594
3486   3870
2244   2559
688   830
2280   2327
2866   2966
1939   2075
1912   2390
1926   2246
2661   3280
537   569
640   650
2510   2589
2989   3252
917   1396
1112   1867
942   1871
2754   2906
1912   2639
2934   3075
2330   2350
1628   1635
3437   3621
1242   1800
2093   2654
3101   3146
2042   2138
903   992
1246   1749
2044   2084
2005   2233
2827   2956
2250   2597
3314   3423
2435   2647
857   3586
2072   2511
1984   2253
695   794
2960   3184
3214   3219
596   1103
400   513
726   780
2754   3108
1391   1467
1083   1390
203   268
2128   2436
1995   2050
1359   1488
1945   2589
2352   2430
747   828
1393   1540
2309   2414
2247   2343
3579   3708
1006   1271
1705   1719
1149   1689
906   1891
2460   2506
3038   3150
1966   2206
1256   1665
1987   2232
992   1733
1707   1800
1172   1888
3196   3369
2103   2326
3482   3685
2468   2533
1454   1824
1097   1371
1985   2333
2198   2294
1388   1637
3506   3896
45   221
2213   2550
1130   1398
30   304
2089   2397
876   886
2758   2784
2043   2536
115   226
954   1227
2951   3344
1918   1941
2060   2290
2363   2423
2169   2629
1070   1482
1294   1425
2217   2448
1577   2344
1267   1608
2561   2564
1217   1818
3488   3790
1277   1871
1917   2418
107   1055
1987   2372
2331   2606
2095   2467
2246   2344
1613   1761
2897   2925
432   465
1304   1634
1174   1410
3234   3237
1238   1609
1131   1366
1936   2314
1009   1691
724   794
3525   3889
1367   1879
478   508
2374   2590
897   1449
1584   1669
1532   1597
605   626
1940   1948
2728   3077
2880   2919
370   415
113   334
2237   2654
1079   1530
203   342
2266   2300
939   1356
705   781
1620   1653
3869   3870
446   490
2237   2467
573   575
2352   2593
1099   1729
7   129
2038   2508
2786   2919
1001   1542
1447   1741
1823   1886
1138   1177
3680   3870
2128   2344
966   999
3169   3291
1409   1665
2428   2654
72   271
1684   2918
3097   3274
2111   2609
2257   2615
2047   2475
1076   1242
2331   2654
2956   3184
2754   3036
1989   2037
2122   2142
3553   3710
2081   2629
2086   2093
1181   1416
3154   3391
1682   1884
1811   1835
3   122
1916   2518
577   643
947   1827
357   424
1287   1399
3437   3756
2087   2451
2087   2498
1104   1576
1556   1789
3604   3800
1684   2694
1298   1636
444   531
2019   2499
3090   3229
2299   2590
2074   2370
3201   3296
1964   1965
1471   1589
948   1080
1388   1842
2462   2550
2191   2343
2180   2183
1329   1754
2911   3047
2174   2267
2734   3157
2131   2216
2241   2344
1472   1504
2039   2232
2852   3226
67   169
1441   1564
1721   1730
2356   2414
2031   2038
107   1632
1047   1110
1957   2636
2782   3104
2062   2315
3836   3910
3298   3396
2148   2174
3529   3956
2220   2507
1256   1447
1131   1348
3437   3616
428   1912
2309   2430
1926   2007
2330   2451
1059   1735
1250   1617
1502   1794
1199   1370
1117   1809
1209   1800
1605   1826
96   213
1291   1643
1948   2567
2078   2220
1590   1819
2331   2604
1271   1447
1918   2045
3696   3783
2054   2148
1926   2186
695   844
1287   1823
1925   2430
2757   3301
2840   3118
1153   1610
3743   3917
1185   1888
999   1584
2712   3198
0   304
414   620
3188   3247
1361   1589
2037   2427
2910   3345
717   855
2507   2630
2775   3168
2460   2655
2037   2600
897   1535
1079   1198
1170   1893
1912   2312
2030   2542
3629   3636
2237   2383
2332   2649
1997   2271
1488   1832
3280   3397
3169   3381
1959   2101
2077   2376
2724   3154
925   1617
1964   2525
142   239
2418   2546
2600   2602
2190   2326
2296   2581
2179   2430
1619   1809
3822   3906
2077   2095
3107   3337
3776   3964
1946   2655
1078   1793
1457   1757
1101   1761
993   1750
658   665
1082   1404
2289   2491
2757   2927
1980   2659
2408   2552
2448   2628
2974   3433
3651   3734
2800   2928
2858   3248
1470   1509
934   1467
1944   2610
1535   1571
373   456
1684   3421
107   1893
1085   3948
993   1598
2232   2649
483   1882
2833   3299
2839   3040
3011   3079
2775   3273
747   840
2494   2648
2955   3196
2038   2134
1130   1868
1268   1876
2347   2653
2730   3100
1041   1226
366   374
1912   2388
1617   1746
2482   2550
2210   2446
2680   2925
2324   2329
432   569
2758   3366
3437   3693
1707   1737
3000   3158
3378   3381
2833   3051
369   397
745   853
3773   3850
2330   2510
579   619
1218   1499
1471   1823
1993   2271
107   1494
1182   1757
2863   2901
2413   2531
915   1142
1079   1199
2484   2575
708   819
1066   1303
2783   2976
2134   2511
1028   1467
686   740
1120   1576
1948   2597
605   644
1298   1591
1190   1284
3594   3613
118   211
2866   2867
1148   1899
1061   1325
2190   2340
1052   1436
1684   2844
2138   2511
1718   1948
1017   1833
2267   2592
1718   2292
916   1554
3523   3581
1379   1462
2268   2508
1736   1791
0   253
2183   2509
348   539
2846   3188
2937   3115
927   1185
3586   3674
1018   1720
3519   3571
2240   2602
999   1617
2190   2564
1551   1623
1997   2593
3437   3717
731   805
2993   3149
2332   2475
2395   2579
2264   2498
2155   2273
1431   1823
1465   2125
9   297
107   1447
1332   1625
2133   2175
3263   3405
161   271
2351   2643
1348   1415
2184   2638
236   280
1718   2239
1968   2001
1719   1803
2607   2638
3132   3277
0   261
3665   3676
2229   2476
2155   2221
2766   2929
573   685
2198   2471
713   851
397   513
2172   2352
1603   1714
2118   2216
1789   1877
1918   2574
2750   2920
2020   2482
2007   2148
2849   3351
1404   1448
2125   2605
3079   3258
2461   2508
1185   1833
732   789
98   291
3525   3577
403   470
885   887
1026   1377
3002   3403
1684   2769
2118   2579
2325   2544
25   239
2040   2550
2553   2624
3051   3419
2556   2559
2199   2313
2233   2469
2755   3090
1793   1845
1042   1686
2149   2463
960   1542
2853   3267
2973   3046
1337   1480
2102   2598
1024   1619
1184   1714
1984   2275
2289   2327
1018   1573
2929   2931
2266   2348
1291   1437
1409   1458
2131   2154
2002   2592
2264   2547
1688   1724
2760   3432
1335   1879
1332   1766
2060   2611
2000   2097
1249   1338
2815   3040
2717   3348
2279   2567
3060   3201
1181   1267
2324   2561
3060   3101
1049   1243
2780   3256
3302   3351
2915   3004
2681   3029
2495   2564
1361   1863
601   976
2104   2266
3581   3613
1983   2190
2330   2617
2109   2395
2796   3320
1340   1750
3010   3090
1467   1613
2526   2586
1960   2197
1583   1872
2131   2547
2674   3082
2782   3303
2694   3023
446   539
2339   2381
2123   2352
2032   2292
2329   2601
1938   2073
2698   2986
1522   1750
2112   2347
2927   3119
3437   3830
2604   2611
1107   1613
3274   3422
1447   1665
1149   1617
2173   2357
1938   2340
3042   3426
3437   3619
2799   3122
1863   1879
1243   1509
1998   2284
1735   1736
1099   1245
2086   2104
2142   2307
2828   3170
1344   1721
592   612
2088   2546
1242   1416
2250   2399
3005   3111
1098   1593
2104   2233
2871   3337
654   664
1971   2408
1292   1636
2112   2359
2966   3435
2661   3277
1379   1583
2033   2210
3538   3657
1086   1367
107   950
1960   2105
1993   2258
3213   3303
3738   3945
1058   1642
2384   2543
1204   1573
2331   2446
3542   3966
773   823
3221   3248
2870   3154
2151   2338
107   959
1663   1861
2132   2512
2043   2433
2539   2630
2347   2611
946   1612
1940   2068
2819   3272
374   418
1684   2779
2244   2369
915   1155
1684   3387
2994   3387
2090   2552
2418   2446
2878   3249
2083   2331
3608   3735
1716   1871
3545   3576
720   787
2250   2436
2199   2294
2551   2560
3152   3332
1598   1888
1040   1898
2252   2282
414   576
3511   3706
751   842
2101   2522
3651   3683
2352   2638
3096   3363
2278   2331
928   1705
348   513
2087   2194
1085   1317
2215   2336
3042   3114
94   346
1816   1886
929   1838
916   1380
2000   2018
2806   3000
3506   3706
348   567
2010   2588
1919   2538
2220   2469
2047   2246
101   346
353   432
1201   1609
764   783
1211   1632
1966   2257
2418   2500
1714   1741
3136   3331
958   1787
2414   2428
3492   3841
2362   2610
1391   1470
2869   3320
1006   1600
2782   2866
3034   3082
3590   3867
2028   2293
2325   2351
2573   2600
2928   2966
26   200
1413   1576
461   465
3185   3419
368   526
2077   2090
705   737
2864   3098
1235   1824
26   203
2121   2578
2593   2655
1491   1793
1261   1848
538   1313
1491   1867
2836   3383
2164   2253
2898   3214
1451   1824
2916   3339
1920   2102
1126   1718
1941   1993
1032   1850
3605   3635
428   506
1413   1682
1126   1603
2615   2655
745   815
1390   1668
1912   2265
1837   1895
1613   1621
2253   2309
1130   1750
204   277
2958   3100
2746   3056
1979   2414
2033   2074
2772   3242
953   1487
1622   1877
2970   3416
3869   3924
1912   2594
2045   2504
824   835
355   376
2391   2545
419   440
3456   3841
128   252
1964   2279
1108   1742
2001   2378
2032   2598
1125   1584
1684   3341
2370   2546
113   325
2361   2373
1513   1718
1257   1859
1672   1709
2140   2410
3545   3703
964   1415
2056   2233
582   640
3066   3336
2674   3101
2778   3434
2666   3014
26   109
659   681
2332   2385
3024   3328
2597   2608
2095   2386
2864   3174
3267   3299
3448   3609
1358   1740
1229   1691
2508   2511
2244   2306
2336   2519
2189   2319
1292   1392
1076   1175
2717   3064
30   200
1120   1273
2292   2609
2302   2642
2047   2385
3468   3881
2307   2467
348   537
2661   3150
3470   3767
504   546
3473   3739
712   736
3166   3174
1621   1809
997   1842
368   371
1318   1870
1107   1598
2956   3090
3297   3330
653   680
2890   2909
967   1441
1107   1456
445   500
2417   2608
1175   1652
2718   3173
1653   1683
2989   3051
1945   2582
2100   2217
1267   1287
3437   3763
107   1249
107   1244
2103   2606
1032   1706
2279   2420
1431   1800
2116   2351
2619   2631
2675   2904
2054   2653
2352   2554
1718   2336
2694   2786
1199   1242
1984   2261
514   570
967   1554
1104   1221
186   345
1551   1554
1962   2210
1483   1665
353   482
2045   2190
1312   1329
1833   1867
2271   2604
395   574
414   606
3630   3634
107   1712
924   1310
2400   2610
1209   1804
2888   2978
0   55
2509   2555
2112   2308
1079   1736
2872   3226
804   889
2868   3077
2124   2414
1534   2764
1945   2191
1987   2254
3154   3288
2073   2611
2165   2495
1059   1078
391   669
3022   3142
3782   3881
1318   1543
2346   2538
531   570
1666   3289
1926   2071
1037   1504
2073   2109
2892   3204
1446   1574
2054   2555
1913   2389
1416   1539
2007   2428
1971   2532
1029   1483
3017   3328
3257   3433
1199   1821
2074   2108
2867   3078
484   1574
2090   2190
2387   2410
2021   2560
1415   1624
395   456
2072   2133
2327   2333
2849   3267
774   811
2390   2501
2071   2223
2890   3293
1447   1662
800   823
75   272
2164   2306
993   1076
1260   1634
376   490
1966   2108
2217   2439
1757   1793
713   760
2088   2237
2564   2602
1375   1799
2757   3033
2343   2491
2124   2492
1159   1418
2886   3322
1184   1431
1390   1662
917   1261
2059   2078
2266   2428
1356   1453
1925   2602
1545   1844
107   1646
2067   2154
960   1663
1117   1302
2778   3113
1192   1595
1939   2111
1946   2311
983   1199
3529   3601
1004   1559
2253   2407
1987   2344
2331   2560
1290   1864
3497   3611
2005   2172
752   774
2037   2300
2127   2589
897   1219
107   981
1330   1685
403   497
616   621
2976   3434
2124   2602
107   1066
2078   2467
1564   1905
2683   3400
1570   1734
1460   1768
997   1331
1335   1603
691   746
1985   2550
1204   1820
1946   2359
0   102
2601   2638
2780   3136
2087   2151
906   1861
2404   2600
1663   1782
3479   3613
1282   1396
1986   2300
3593   3794
1078   1791
361   519
716   820
3625   3667
2210   2600
2555   2642
1391   1557
1729   1732
2016   2447
3076   3111
2828   2937
1026   1570
1456   1613
1407   1528
2913   3054
947   993
1399   1768
989   1647
1963   2240
1037   1299
942   1324
1341   1714
1952   2416
2165   2499
2200   2392
3058   3352
3150   3223
1571   1754
1040   1668
960   1863
1684   3096
1563   1793
1972   2364
3672   3928
2668   3380
2231   2497
3100   3111
2311   2489
3756   3828
1470   1590
360   570
2037   2309
2759   2820
2363   2625
2326   2381
2756   2928
1410   1421
1112   1344
1915   2412
3242   3274
3140   3177
1935   1957
2165   2484
1465   2542
2180   2347
2144   2617
3860   3930
2945   3073
1070   1507
1509   1613
3750   3971
3386   3406
45   345
2062   2075
978   1484
906   1199
2190   2495
2896   2944
2778   3280
2936   3320
1184   1888
1296   1694
1125   1584
136   315
2464   2606
631   639
1941   2630
2868   3051
2872   2910
1420   1509
1572   1752
713   816
1126   1336
2392   2574
1610   1619
2150   2188
3140   3255
3243   3293
1209   1243
996   1505
1612   1835
2862   2988
968   1738
238   252
2211   2325
1420   1835
2180   2498
857   3621
2676   3047
917   938
2906   3004
1941   2518
946   1238
3442   3553
2102   2598
122   156
3110   3403
2232   2336
2064   2122
2965   3274
916   966
1112   1752
2056   2410
1331   1547
1973   2171
3492   3756
2346   2378
1828   1848
1704   1742
2559   2619
2624   2630
3500   3587
408   444
1123   1836
1156   1632
1827   1861
1959   2384
2537   2567
577   681
2718   3330
2804   3327
955   1254
686   839
419   517
3581   3613
2142   2352
1181   1813
1723   1754
1971   2348
2201   2546
907   1845
2221   2384
2719   3100
3049   3296
2928   3195
2071   2127
3115   3302
1267   1391
0   282
1962   2549
1359   1619
2346   2583
2311   2430
89   327
2135   2384
2107   2227
107   1265
1298   1635
2111   2597
66   142
272   297
1926   2318
1610   1652
2787   2849
997   1336
542   553
2084   2602
392   412
2056   2539
2785   3341
2273   2289
2043   2123
1519   1620
414   598
747   849
2109   2206
1291   1471
2201   2218
3550   3573
2894   3011
1126   1782
2143   2571
352   409
1041   1249
1031   1098
1926   2594
1285   1665
2045   2140
3120   3191
2275   2604
2716   2793
2960   3104
2666   2698
483   1148
2194   2333
428   641
526   1620
2681   3129
2862   2985
3347   3396
1086   1750
924   1469
1912   2631
2532   2624
1083   1456
1589   1608
3456   3851
2984   3263
107   1894
1272   1888
3765   3930
932   1898
2144   2332
2073   2623
1159   1338
1292   1438
1616   1673
3049   3297
2745   3430
2144   2653
431   514
2347   2539
1757   1868
368   538
1954   2508
2468   2510
2399   2509
1040   1285
2300   2575
1927   2297
934   1793
3036   3166
826   830
3437   3557
2123   2299
412   580
1149   1327
2910   3250
2093   2631
2299   2600
2108   2630
2220   2590
2664   2986
2297   2494
2243   2434
2127   2144
2253   2348
2103   2201
354   403
118   222
1513   1535
1712   1809
1684   2923
1006   1449
1020   1828
2115   2257
2951   3150
1992   2207
200   332
1171   1684
2320   2490
2187   2223
2836   2858
2201   2485
206   260
1793   1833
3063   3368
1068   1736
2910   2916
1683   1800
3195   3363
1082   1204
1743   1829
2344   2512
441   476
3345   3386
3505   3607
705   755
2395   2428
1993   2043
2351   2510
2279   2496
2234   2311
1437   1816
2670   2982
3783   3791
3491   3938
2007   2597
3539   3895
2133   2196
2796   3381
2206   2414
2323   2352
1302   1516
186   325
1269   1467
897   1846
2254   2327
400   515
1665   1750
2018   2378
1376   1675
1288   1359
353   1397
2153   2511
2758   2932
3985   3988
1571   1839
1864   1902
1125   1810
1204   1227
2047   2416
3617   3680
460   542
3392   3426
1945   2135
3649   3883
908   1274
1551   1793
2060   2200
1970   2652
2028   2199
1052   1881
575   612
2765   2973
1985   2112
1592   1647
2676   3098
953   995
3553   3710
1932   2149
107   1000
930   1660
2840   2976
999   1471
1377   1620
756   826
795   813
17   144
2526   2560
2153   2475
727   756
3437   3804
702   732
697   856
1946   2464
1584   1864
2905   3184
2335   2503
2033   2165
3039   3422
1580   1898
3319   3411
1964   2236
2748   3038
2124   2266
513   525
3463   3591
3439   3647
2386   2408
2381   2638
2773   2913
1971   2233
1205   1730
2084   2625
348   549
3442   3835
3005   3320
2206   2306
3938   3943
2340   2556
1277   1751
48   330
2332   2434
946   1637
3224   3351
2927   2945
1214   1551
2668   3093
1074   1730
946   1580
2763   2835
0   271
1943   2356
2370   2546
1483   1613
2153   2315
2928   3388
2937   3170
1255   1622
2894   2973
3203   3421
21   197
2095   2323
107   1639
724   829
1684   2889
2087   2643
373   669
3051   3101
1351   1736
2036   2289
1809   1898
2689   2827
3267   3316
2083   2123
2223   2394
726   781
1447   1813
2189   2254
2410   2607
2543   2592
2865   3253
930   948
1078   1809
2763   3303
1312   1750
1941   2153
1554   1557
3191   3258
2224   2347
715   827
3450   3642
107   1453
2233   2507
2551   2630
1376   1765
993   1539
1255   1746
1085   3456
1467   1614
579   619
2919   2986
2228   2316
1547   1800
2149   2187
3339   3348
1684   3063
21   272
2179   2271
1280   1447
2027   2365
2045   2482
1049   1112
107   1463
916   1370
3156   3369
2716   3106
1182   1768
3677   3948
1006   1124
2499   2560
2706   2967
2088   2109
3690   3821
2242   2425
219   319
170   290
925   1181
2340   2354
3437   3900
2253   2266
1085   1588
1946   1997
1964   2174
1953   2201
2742   3206
1993   2489
2274   2438
1344   1554
36   184
1280   1402
573   609
623   684
171   1193
2118   2478
946   1632
181   328
2213   2549
1099   1820
2233   2331
2945   3000
483   1783
2351   2609
3186   3246
2601   2604
2133   2325
1921   2009
1361   1420
1947   2399
3437   3663
1984   2124
2676   2782
2579   2615
2785   3240
3568   3973
2409   2591
2409   2446
1513   1730
500   553
3140   3145
2073   2140
3179   3397
1945   2187
420   484
2324   2520
2094   2487
1491   1621
2221   2537
1475   1591
3599   3608
744   848
1953   1985
2901   3275
764   838
3060   3260
1107   1547
950   1445
3641   3967
2881   3395
2377   2463
2345   2449
2092   2391
1350   1575
2261   2624
2112   2602
2546   2553
3051   3240
2070   2644
3116   3344
1948   2068
2336   2472
1916   2203
2091   2317
2461   2508
1411   1523
1048   1563
1488   1530
3822   3869
1574   1625
96   190
1282   1495
2199   2603
2081   2377
1912   2300
653   654
2559   2601
2839   3096
3023   3234
2969   3195
1073   1908
2007   2319
3051   3350
1589   1761
396   470
26   232
387   520
1374   1844
1352   1600
2218   2551
969   1108
1006   1605
1979   2206
2047   2135
26   322
1399   1516
2183   2336
1557   1796
3132   3316
553   567
2062   2121
1953   2600
3097   3177
1267   1509
2672   3261
1294   1549
2104   2590
2122   2477
2173   2314
2206   2492
2093   2460
2058   2409
1380   1391
414   659
1068   1660
2200   2520
2095   2257
2022   2639
2377   2588
2796   2849
3115   3247
3017   3172
2111   2117
3767   3803
393   564
1269   1516
2064   2619
3554   3829
2188   2638
1918   2200
25   325
2909   3384
1017   1864
2745   3387
438   523
1185   1341
1584   1877
2213   2220
1554   1609
107   913
1279   1479
2043   2059
3538   3857
2976   2989
2376   2485
3098   3301
1399   1584
53   317
1920   2151
3110   3313
1039   1864
2045   2240
503   539
1971   2188
2299   2601
2777   3348
2090   2477
2827   3301
3456   3842
3590   3608
2164   2276
1435   1652
1074   1620
2991   3239
2181   2440
1352   1471
348   536
1658   1818
1049   1086
3035   3381
3437   3439
2344   2498
2074   2347
3463   3506
946   947
2226   2581
1107   1793
1955   2189
1144   1825
2140   2600
2326   2549
1912   2446
1331   1617
2250   2543
1684   3053
1658   1881
78   275
1014   1381
3184   3226
2381   2600
2234   2393
1504   1507
1684   2752
1014   1067
1577   2102
408   428
989   1583
2273   2509
3500   3696
1213   1672
1795   1891
2086   2339
2052   2169
1480   1858
2750   2810
1426   1636
2494   2648
107   1430
3900   3906
1929   2142
736   742
2763   2810
2916   2919
2359   2500
1810   1827
1146   1390
3472   3598
1716   1841
1943   2074
2154   2212
1675   1881
397   419
2157   2268
1644   1746
2069   2393
2564   2638
2206   2553
2119   2397
1335   1522
2988   3135
2467   2586
25   224
1528   1827
299   330
2208   2530
1451   1515
2750   3137
914   1885
1987   2215
1076   1222
3725   3857
1520   1730
2482   2549
3187   3255
1184   1488
714   771
2239   2480
1399   1619
2381   2615
2237   2354
3009   3027
497   520
3521   3618
1291   1584
67   345
2035   2197
2203   2512
2060   2307
3154   3168
2122   2611
2211   2566
2276   2551
2138   2436
1917   2553
3180   3181
2949   2999
1563   1793
3059   3300
1598   1797
2169   2451
1717   1861
1914   2006
2956   3417
2005   2600
1993   2237
2690   3242
2047   2498
2742   2780
1059   1390
1297   1486
2278   2462
941   1502
1191   1267
3734   3884
1985   2506
423   606
971   1241
2285   2547
3675   3759
1367   1597
1205   1517
1021   1192
2392   2526
2758   3259
1332   1625
2734   2752
2661   3035
2306   2339
2187   2642
3239   3316
2005   2237
946   1398
2851   3114
285   303
2127   2268
3072   3403
3115   3116
2226   2406
2482   2602
2054   2616
980   1267
3918   3957
1017   1149
2054   2125
1373   1503
3240   3319
2139   2591
2229   2606
395   637
348   554
1302   1488
3331   3405
422   604
2088   2560
1945   2649
984   1786
2190   2631
2093   2654
2151   2616
2117   2282
1661   1907
964   1213
941   1257
1108   1894
2004   2192
3351   3434
1167   1188
1971   2073
1211   1721
2742   3347
915   1790
1288   1809
2007   2247
462   493
2140   2409
2781   3082
2690   2836
1582   1828
2223   2372
2538   2626
1612   1761
2131   2611
1004   1559
694   810
2706   3000
2420   2629
3098   3129
1962   2118
917   1275
1923   2032
3024   3133
2338   2592
1617   1888
2927   3029
136   2336
2062   2509
353   1616
2549   2624
1191   1517
930   1210
1432   1578
487   556
2331   2485
1070   1904
2056   2218
2702   2954
1657   1808
2671   3091
2327   2344
1379   1628
1426   1587
2299   2484
2307   2526
107   970
3718   3792
2390   2451
1161   1518
1945   2498
2763   2956
925   1184
3437   3978
2839   3119
3073   3119
2103   2654
805   847
1958   2297
1920   2102
2786   2928
97   182
2010   2169
2364   2633
2033   2064
2231   2371
1985   2279
1718   2203
1538   1799
2381   2507
1946   2624
981   1596
3540   3656
38   141
957   1655
395   556
2143   2420
599   650
867   873
107   1097
65   118
2292   2629
418   475
2118   2623
1021   1303
1609   1842
2047   2248
2694   3090
1816   1868
2212   2261
1191   1669
1507   1876
2130   2313
2969   3301
2077   2324
348   416
2887   3000
2334   2560
2104   2601
3757   3899
2233   2392
2729   3433
2103   2150
1420   1768
3079   3179
46   278
3525   3563
3225   3422
1946   2428
1001   1487
2698   3096
3009   3109
2218   2237
1553   1688
2574   2624
1622   1736
592   678
1049   1075
982   1126
1291   1789
493   539
3498   3636
1684   3235
1000   1667
1554   1879
3605   3731
1758   1858
2666   3384
1404   1576
2142   2579
204   249
2809   3317
3584   3821
1989   1993
2244   2275
1597   1816
828   851
2169   2302
2063   2526
2938   2964
1377   1717
2000   2636
2359   2464
2003   2415
1668   1793
2379   2635
1912   2065
984   1032
3053   3200
101   299
1184   1390
1520   1861
367   396
1079   1737
2344   2434
1336   1449
1774   1835
3687   3804
1195   1376
409   462
1684   3108
2073   2306
1004   1721
2823   3350
2131   2623
2677   3185
1993   2467
1983   2520
2276   2278
3572   3706
1479   1502
2200   2347
2218   2387
1076   1622
1993   2229
2060   2069
3444   3742
953   1488
1440   1626
2122   2546
1360   1555
1684   2679
1185   1198
355   519
662   681
1530   1662
3437   3660
2088   2213
1137   1895
2937   3145
993   1086
2054   2327
2800   2916
2888   3231
1517   1610
3611   3672
1051   1366
3649   3830
951   1618
2786   2929
2350   2363
1684   3319
3268   3407
2992   3419
136   2116
1113   1767
2020   2543
2043   2244
2324   2586
1029   1608
2092   2590
2190   2261
2699   2959
161   277
2103   2619
107   1036
391   412
517   1179
107   1713
396   531
2064   2154
2139   2200
1237   1358
2244   2600
2756   2873
1971   2118
1603   1886
1080   1237
3504   3723
2554   2630
1966   2625
2118   2278
360   415
1366   1536
1126   1269
2542   2553
716   849
2929   3433
2120   2412
387   556
2220   2543
444   487
1772   1849
460   463
1217   1818
1225   1630
2376   2446
1156   1839
3046   3352
2970   3391
2369   2485
2164   2575
3982   3986
2778   2781
1917   2433
2328   2415
2114   2412
2064   2564
1382   1751
1338   1536
1086   1235
1217   1536
947   1287
944   1815
2064   2309
1104   1720
3695   3898
1946   2278
2404   2655
1416   1623
2300   2601
2124   2532
625   677
1986   2348
1986   1993
713   738
3068   3154
1293   1516
2348   2539
1230   1289
1352   1361
1530   1750
3437   3743
1589   1610
957   1381
2047   2193
271   318
1827   1888
2101   2522
1217   1630
2299   2352
1163   1207
376   481
3659   3930
2273   2598
1369   1522
2359   2409
2662   3177
107   1544
909   1384
438   483
993   1110
1078   1416
2088   2429
1184   1823
2267   2509
492   514
1129   1158
1331   1539
3239   3381
2718   2832
3877   3886
3179   3434
2867   3243
2913   2953
1146   1184
2292   2582
2271   2542
1467   1750
1554   1734
2059   2218
1431   1623
3353   3355
3086   3263
1277   1578
1005   1415
2223   2243
2778   3350
1912   1980
1371   1452
2033   2607
934   1026
2869   3132
1124   1146
3046   3345
2464   2482
604   669
2087   2315
1971   2033
2258   2356
2046   2408
1963   2646
1588   1593
2919   2925
107   1343
2237   2244
1204   1322
3082   3355
1226   1770
1319   1880
2354   2485
128   172
2000   2157
1352   1891
933   1261
631   679
56   297
946   1132
1665   1842
2086   2233
1600   1620
651   1001
2083   2164
1955   2068
968   1334
1963   2073
2742   2828
2332   2372
1079   1101
2839   3414
3997   4018
107   1813
360   432
2362   2637
1957   2585
2920   2960
2742   3209
728   805
2148   2282
1101   1330
1540   1827
98   170
2233   2550
2030   2601
2290   2381
2133   2436
1768   1799
1132   1839
2864   2969
1320   1767
2046   2551
2089   2440
3129   3324
1945   2199
3229   3392
3283   3318
2172   2550
2773   3384
0   62
409   542
3437   3819
2068   2138
3509   3706
3116   3272
392   430
2201   2593
983   1211
2728   3285
2027   2346
2604   2654
1584   1813
1471   1730
948   1358
1196   1769
984   1729
3004   3054
1984   2150
3016   3169
2757   2916
2559   2646
2077   2218
1269   1589
3220   3362
2309   2359
2706   2910
107   1575
2700   2784
1238   1535
2059   2206
13   21
2839   3213
2706   3237
784   824
2264   2377
3342   3353
2384   2598
1768   1863
2300   2303
1639   1888
1293   1617
1182   1377
1577   2315
2038   2279
1951   1958
1987   2111
3005   3151
2862   2910
1146   1608
3247   3397
906   1547
1260   1469
1271   1712
2742   2796
2953   3014
2237   2339
2160   2587
1205   1409
952   967
1681   1727
2271   2467
1245   1261
1617   1835
2731   3257
2069   2201
1272   1391
2946   3363
1070   1770
2164   2625
2826   3361
2068   2305
1009   1227
1943   2216
2206   2353
921   1621
2935   2949
3725   3912
517   1313
2200   2446
3170   3280
1912   2239
2187   2250
1959   2555
2086   2363
2353   2414
1935   1957
3265   3416
460   492
3561   3945
2191   2372
2575   2606
2800   3040
2378   2538
2329   2369
431   440
2229   2520
2155   2310
1447   1456
2701   3262
1205   1470
897   922
2532   2590
2087   2176
1014   1286
2032   2338
1912   1926
2719   3262
2694   2835
2716   3276
1684   3299
1125   1707
67   136
2290   2446
1447   1551
3583   3758
1440   1639
722   737
3500   3615
2074   2237
1986   2600
2095   2526
2037   2201
1130   1863
2220   2392
2101   2510
1045   1384
2069   2123
1567   1593
1509   1839
107   1128
1507   1624
2223   2616
2676   3078
200   248
2010   2247
3182   3280
1473   1818
3366   3415
1953   2005
13   271
1017   1181
781   823
360   513
1319   1378
407   504
465   500
3763   3924
967   1563
3234   3315
1205   1551
3757   3957
1419   3178
2404   2602
1449   1809
2324   2581
2206   2299
2989   3150
960   1898
2049   2314
2717   2877
1304   1473
2801   3221
3511   3724
709   840
3626   3916
2669   2944
1663   1793
3145   3287
1288   1402
1152   1807
1128   1522
947   1669
966   1017
2102   2642
506   519
1993   2323
1926   2280
2038   2451
1948   2153
2712   2716
3324   3388
3697   3884
3948   3968
899   1442
1413   1479
1682   1884
2843   3136
2396   2451
905   1658
1311   1366
903   1452
665   670
169   334
2756   2929
1986   2276
651   1080
1186   1333
2213   2407
2532   2586
2977   3257
2030   2084
1912   1978
2347   2387
1518   1866
954   1812
3022   3090
2090   2423
1219   1662
1573   1587
2112   2188
2946   2986
1406   1495
1327   1435
1800   1843
422   678
1963   2278
1684   2994
2782   2806
3021   3152
2039   2148
414   681
3065   3174
2833   3101
2894   3116
1948   2128
2060   2308
2423   2433
370   563
107   1080
1281   1508
2101   2328
2906   3142
2165   2655
2288   2309
2010   2642
588   633
3038   3093
2304   2598
2016   2022
995   1535
2220   2271
3490   3549
1175   1833
2407   2600
56   88
355   418
713   833
3247   3296
2074   2546
1196   1836
3501   3971
2512   2598
2063   2615
2266   2300
2478   2576
917   1052
1160   1409
2267   2282
1163   1598
2194   2325
1256   1380
2173   2405
2231   2405
968   1062
1611   1903
2770   3021
1047   1626
1684   3213
1285   1336
3437   3620
1912   2592
1293   1632
3545   3804
2266   2460
1941   2127
1684   3308
2123   2210
2833   3397
2257   2409
1112   1390
2748   3089
2081   2134
1799   1826
3656   3677
2299   2559
916   1849
915   1881
1161   1911
2054   2463
1117   1833
2742   2904
107   903
1491   1678
3010   3080
2981   3073
0   205
2909   2911
1006   1714
362   373
1112   1209
2088   2290
2973   3160
2719   3101
419   544
2254   2289
2994   3040
3640   3737
1175   1867
943   1236
1164   1570
1718   2032
1281   1742
1367   1610
2354   2356
2430   2625
2465   2629
3000   3213
1113   1740
805   819
1230   1685
389   1745
2766   2810
2891   3324
3052   3384
2030   2381
2751   3113
2347   2404
3016   3416
2854   3213
2043   2630
2045   2115
2331   2433
1684   3414
2206   2307
395   419
1221   1231
3557   3627
1757   1793
3033   3085
2040   2112
1163   1809
0   292
2396   2491
1912   1941
3456   3824
2372   2582
1180   1280
14   115
1040   1547
1211   1391
360   558
1163   1380
0   217
2151   2419
3132   3397
2206   2482
1088   1641
396   474
1351   1361
1250   1335
1056   1675
1124   1243
2957   3061
430   471
1610   1712
1125   1456
818   822
2229   2553
2030   2484
2038   2372
2521   2654
934   1269
1128   1575
2190   2553
606   1744
606   1113
1979   2504
946   1689
1049   1752
988   1636
1009   1066
1092   1622
2395   2482
3791   3901
579   633
3755   3971
3553   3921
1966   2044
428   513
1159   1170
589   617
1746   1868
257   272
2164   2613
2043   2122
978   1124
1222   1584
1236   1529
2960   3022
2199   2280
3590   3715
1589   1768
583   665
988   1227
1422   1730
2669   3348
3443   3956
2064   2324
2059   2309
3098   3119
2905   2993
1125   1795
2873   3104
2200   2655
1589   1683
1198   1431
1229   1432
3120   3297
2563   2601
1966   2356
956   1889
1515   1729
2809   2837
1199   1547
1963   2290
2313   2528
3804   3824
2819   3307
2384   2390
1078   1153
930   962
483   1729
1019   1583
2844   3034
2047   2436
1132   1789
2742   2849
3437   3892
107   1518
3437   3470
596   620
3437   3680
2911   3090
686   817
1754   1879
1282   1347
2073   2552
953   1793
2184   2532
2949   2983
409   492
1256   1898
2190   2484
1574   1740
978   1554
1146   1842
3668   3956
967   1688
2091   2411
2061   2658
3817   3971
1703   1725
1391   1539
2563   2586
1048   1391
369   419
2302   2533
2850   2906
2932   3256
2282   2368
2397   2523
1214   1839
917   1824
3149   3301
1589   1845
2717   3065
1385   1688
2716   3263
2739   3191
1943   1946
1694   1790
1997   2495
2125   2512
2064   2201
2274   2479
3026   3104
2672   3076
2504   2559
2174   2325
2165   2601
2711   3019
2754   2896
2107   2644
2477   2575
20   162
2309   2326
1925   2184
989   1067
3464   3777
2149   2529
0   112
532   572
2904   3280
2699   3283
2111   2420
2702   3275
2377   2396
1639   1779
3445   3538
1512   1790
2140   2484
500   537
713   794
3702   3938
1551   1888
506   591
975   981
1940   1994
1404   1426
2220   2370
456   513
2150   2464
1643   1746
2383   2428
1298   1459
1981   2390
1377   1557
2059   2220
2201   2559
3158   3166
3206   3351
1271   1619
2742   3060
1954   2571
2308   2469
2699   3325
3548   3737
3980   4029
1334   1343
2738   3098
1352   1833
2504   2619
1284   1459
1183   1366
917   1595
2664   2940
1280   1431
966   1078
475   484
3056   3129
2906   3078
2150   2347
2052   2282
2578   2611
2877   3098
1356   1881
3437   3741
2331   2386
2133   2589
1124   1813
353   1740
462   494
2021   2103
2101   2479
2666   3364
2206   2550
971   1014
2675   3330
3115   3150
1182   1888
2043   2500
3035   3145
611   618
3629   3778
1940   2616
3758   3937
2334   2504
2499   2578
2164   2369
2298   2502
1684   3089
1468   1802
1912   2415
3458   3718
1125   1341
1912   2012
2538   2647
1113   1210
1666   3100
2154   2356
3022   3387
1126   1619
1470   1620
1447   1457
2730   3214
2683   2994
391   446
2154   2352
1936   2047
434   478
3437   3929
3460   3945
1003   1513
1930   2047
1491   1539
1231   1292
2755   2872
988   1426
2323   2561
2506   2601
2033   2395
628   661
3437   3911
2773   3348
1056   1570
1956   2301
2698   2974
617   664
1126   1289
2086   2218
1337   1911
1513   1590
2750   2988
3741   3938
1245   1373
1238   1881
2091   2341
1392   1432
2001   2225
2749   3364
1568   1747
3156   3385
1191   1390
2670   3382
2843   3236
3142   3213
3076   3350
2137   2506
2864   2909
2345   2612
1139   1869
2849   3416
1437   1741
2840   2904
1399   1835
2183   2516
1947   2028
1010   1228
1618   1718
1211   1879
2929   2994
2282   2617
1272   1612
774   811
658   662
1971   2088
2726   3392
3543   3576
3456   3692
1653   1835
3492   3841
1062   1794
2059   2104
284   320
1062   1696
2778   3320
1605   1816
2055   2150
2122   2495
2271   2300
1048   1393
2232   2547
2458   2608
2733   2958
2674   2849
1566   1910
954   1732
3261   3434
2491   2508
2176   2557
1577   2144
2007   2137
975   1591
2244   2339
2328   2603
1380   1605
1391   1669
3505   3644
107   1781
3558   3826
2507   2600
686   825
1101   1488
1497   1646
2966   3149
1399   1501
211   304
2955   3032
2768   3276
107   1509
2028   2052
1994   2148
1948   2028
1242   1471
1134   1640
2111   2191
1948   2471
2547   2555
1665   1741
982   998
2233   2543
1912   2035
1124   1321
2102   2643
1075   1146
1083   1285
3868   3917
2009   2116
2883   3150
973   1150
2053   2594
2057   2065
2724   3379
2428   2495
1971   2500
428   1109
432   557
3115   3411
2005   2359
2669   2943
3593   3768
520   567
158   317
1917   2331
3437   3779
3702   3830
400   415
1146   1182
1146   1323
2807   3084
483   1682
2701   3298
438   596
1255   1799
1596   1862
1179   1545
107   1139
2257   2507
386   532
2244   2348
2241   2417
431   507
2334   2602
3532   3617
350   531
3918   3975
2538   2633
946   1125
3519   3836
993   1557
1334   1813
978   1305
957   1438
1402   1823
2741   3399
1352   1590
2062   2511
3646   3763
2184   2340
1240   1394
2943   2945
2433   2601
1175   1598
2719   3386
1912   2190
921   1509
2047   2384
1975   2397
2283   2597
1871   1893
1522   1612
9   26
389   1473
1377   1622
2309   2624
509   551
2201   2477
3437   3720
2829   3162
2187   2377
1014   1894
1083   1598
3505   3773
3065   3108
136   2529
2104   2376
942   1451
3562   3613
1943   2504
718   747
2387   2449
1986   2418
2213   2561
1025   1113
1040   1604
2669   2777
2672   2719
995   1741
1076   1198
507   556
2901   3101
2244   2550
3029   3174
2120   2156
2232   2384
373   439
2716   3077
1221   1830
1944   2133
1214   1712
2717   3250
1192   1426
2501   2542
1578   1862
2344   2384
1199   1735
2868   3242
1918   2059
1431   1750
2247   2302
3049   3247
3123   3430
2878   3253
973   1626
1048   1377
2881   3365
2267   2294
954   1706
3320   3386
1399   1488
916   1288
2226   2612
2043   2624
1979   2261
1684   3148
1665   1833
3659   3772
3669   3864
2199   2512
1431   1614
3087   3289
1010   1725
784   826
3456   3604
365   408
3024   3225
2020   2140
705   731
2087   2465
2104   2290
1059   1752
2796   3039
2149   2436
3862   3921
1131   1815
2137   2502
2057   2333
2276   2460
366   936
2755   3399
1807   1897
2042   2598
1130   1584
1037   1770
3276   3353
369   554
2200   2526
3696   3933
697   745
1267   1291
56   265
986   1304
2266   2477
1606   1778
1388   1598
727   805
2460   2485
185   188
545   563
1016   1218
1918   2340
107   1016
1334   1535
1522   1620
975   1231
1205   1685
3576   3800
1459   1596
2116   2660
2201   2624
1912   2049
2989   3291
2261   2619
1098   1705
981   1120
1598   1741
641   1114
1128   1746
2140   2560
2717   3085
1126   1689
3351   3431
958   1493
1341   1612
713   831
2849   3146
3705   3924
1941   2458
2254   2330
1488   1559
941   1824
107   1538
1989   2266
553   669
698   856
2273   2328
526   993
953   1637
3531   3546
1391   1717
2123   2276
2369   2556
1945   2333
2220   2407
953   1730
1539   1632
2107   2342
2944   2966
2331   2546
2755   2866
2071   2623
2266   2287
1341   1804
376   463
2347   2646
2060   2601
320   329
2463   2582
2661   2973
2877   3000
1115   1235
1209   1710
2468   2551
1124   1849
1015   1655
1352   1675
1971   2131
1372   1831
2849   2875
2229   2323
1509   1559
2780   2795
3038   3351
2561   2590
412   507
2021   2526
2753   2793
1112   1340
1538   1707
422   597
3034   3038
3140   3203
2271   2550
2217   2618
483   1012
1125   1799
1684   3093
2253   2602
1312   1617
2059   2084
1518   1683
2172   2507
2812   3256
1948   2294
2142   2164
2214   2256
2504   2575
3475   3484
1114   1767
1998   2157
2153   2180
1632   1752
1021   1573
2277   2488
1170   1691
2845   3396
2418   2564
2019   2393
2150   2607
993   1175
1947   2110
3564   3568
2140   2216
1753   1800
453   498
475   553
1443   1910
1229   1231
2179   2404
2936   3145
3100   3182
2715   2831
2087   2649
967   1265
1339   1532
2109   2604
2172   2329
2889   3008
2394   2508
1787   1892
2709   3138
2459   2645
2912   3090
396   450
3272   3320
3148   3378
2308   2408
1589   1754
2093   2131
2190   2275
2853   3049
1339   1563
1684   2996
577   640
900   1307
1018   1277
1993   2347
348   469
2896   3073
2327   2390
2090   2619
3437   3691
3082   3291
696   823
754   780
1123   1765
2463   2533
2299   2410
3118   3295
2183   2420
483   1893
3534   3761
2032   2096
947   1598
662   665
2038   2543
3051   3185
1964   2288
3847   3953
2734   3005
2122   2309
2309   2602
2822   2999
2194   2394
2188   2625
1954   2555
432   527
2951   3342
2694   2912
2680   3056
1231   1550
1927   2346
2028   2582
2246   2643
1275   1310
948   1113
449   563
2964   3051
1380   1685
902   1322
2964   3157
3980   3987
2738   2944
2194   2653
1917   2601
587   645
2753   3060
1211   1842
1347   1691
1335   1370
2315   2629
2377   2461
1993   2354
2809   3030
1684   2831
19   138
1059   1653
2370   2504
2743   3243
3198   3379
1132   1826
736   782
40   272
2069   2118
1120   1576
3514   3604
925   1132
1409   1458
2036   2610
921   1195
3154   3188
953   1898
708   747
2064   2088
1242   1835
1238   1559
2829   3233
446   515
370   412
2222   2617
2501   2603
3070   3120
2224   2475
3550   3625
1684   2728
107   1093
2244   2619
2038   2039
483   1545
2869   3397
2174   2294
2241   2475
1462   1611
1120   1682
3531   3662
2911   3004
2062   2415
1460   1765
1918   2045
1912   1929
1127   1703
3104   3324
2183   2471
2939   3297
1923   2475
494   517
2306   2309
3734   3877
133   188
107   1043
2499   2631
2057   2081
3137   3430
2198   2332
1929   2485
2750   2960
1242   1717
651   1473
3049   3097
1238   1879
906   1075
430   497
2873   3364
2112   2504
1432   1680
1684   3066
1359   1861
1431   1608
2315   2319
1338   1783
1083   1207
2063   2446
896   1229
381   457
26   203
1577   2384
2779   3162
1662   1827
2069   2492
2038   2185
2904   3306
414   663
1173   1772
2275   2299
1505   3005
2951   2955
2560   2579
3078   3435
3026   3234
1078   1721
1491   1752
1336   1391
3538   3567
1230   1736
53   302
1932   2196
1554   1741
2203   2544
2520   2604
2549   2619
1004   1181
439   507
2742   3351
2111   2445
2209   2283
693   834
1287   1816
2093   2542
1359   1714
1917   1979
2743   2907
1330   1605
2489   2607
2086   2604
1710   1827
2003   2396
2163   2582
374   520
2828   3172
475   517
1193   1505
2102   2132
3150   3253
2122   2560
3025   3073
1655   1716
1075   1765
2093   2201
1938   2654
1534   3361
3437   3564
133   271
2067   2602
2799   3354
1231   1786
3604   3731
897   1083
2088   2408
2825   2951
2839   3184
3475   3877
1118   1533
863   876
2196   2384
2253   2430
952   1810
2290   2430
2489   2543
2026   2250
3437   3706
2295   2543
1570   1839
1502   1704
1222   1513
1330   1730
1684   3266
3997   3998
3793   3870
2685   3081
1337   1369
2765   3297
1217   1487
107   1411
1940   2330
2286   2314
2590   2619
2823   2937
2918   3236
2244   2579
1026   1768
1646   1881
2414   2476
402   558
107   1333
1180   1222
1173   1522
3448   3491
2690   2759
3437   3448
2043   2334
2196   2498
2140   2257
969   1729
1515   1649
1577   2293
2039   2567
2087   2609
122   344
2326   2482
1347   1502
2012   2365
2458   2491
67   334
1997   2109
703   741
1283   1911
2526   2586
1973   2004
56   203
538   1400
1684   2999
2027   2645
1603   1685
2033   2539
1573   1578
1617   1789
2844   3072
1995   2061
3609   3633
3667   3962
446   482
2794   3000
136   1912
1943   2278
1076   1554
1125   1551
2220   2460
2873   3084
1330   1821
971   1783
1273   1489
2010   2582
1605   1722
2339   2646
1255   1669
1444   1540
473   479
1926   2186
734   846
1603   1864
2218   2520
3734   3824
2432   2486
2108   2290
1086   1298
1662   1714
1954   2297
0   228
363   1844
971   1158
1018   1309
1938   2615
2047   2175
1714   1823
3162   3191
2026   2567
2793   3316
1242   1724
107   923
3670   3948
686   703
713   748
3303   3324
1379   1479
3142   3195
1314   1787
2213   2433
1198   1689
1084   1519
107   1274
1938   2074
2561   2615
907   1464
2029   2081
688   727
2153   2472
369   378
1577   2351
2073   2131
2729   2743
2253   2615
3035   3247
1236   1869
2370   2625
3541   3743
2117   2169
2403   2497
1156   1391
1574   1744
897   927
2407   2489
1225   1472
3355   3386
2491   2537
1117   1665
56   322
2155   2273
2976   3185
1311   1681
2123   2354
3167   3236
404   445
392   527
1850   1857
2229   2536
1341   1399
3523   3649
1388   1835
1912   2304
1335   1811
2762   3327
1531   1831
1290   1754
2029   2318
2142   2564
2184   2607
1746   1789
2052   2081
1048   1609
2059   2240
926   1255
1080   1294
1993   2623
107   1689
2783   3198
1030   1111
2241   2399
1945   2420
3980   4022
3980   4028
1985   2059
1086   1617
1205   1849
1284   1790
2136   2418
1504   1699
479   545
3347   3397
2863   3113
3149   3348
1721   1813
2242   2325
104   203
2958   3280
2300   2410
1423   1576
2542   2623
1535   1608
3508   3776
2212   2374
2597   2609
2002   2187
2130   2341
2144   2589
2261   2593
1150   1702
2719   3281
966   1832
1204   1887
2941   2955
1083   1712
921   1399
1076   1675
2412   2587
2462   2561
500   604
1912   2332
3633   3968
186   272
2787   3291
2446   2550
2078   2619
914   1673
2059   2108
947   1341
1717   1721
107   969
3120   3335
107   967
2102   2344
2240   2507
983   1399
2724   3346
1011   1770
3280   3360
3491   3611
1736   1842
1918   2600
2237   2309
2139   2392
1918   2083
2135   2241
1004   1076
1786   1812
2240   2446
3515   3593
2966   2987
3514   3858
1919   2022
1684   3019
2006   2027
1236   1709
3577   3943
2040   2409
107   962
834   847
1391   1663
1943   2150
348   438
417   538
1951   2583
1109   1624
353   1694
1988   2170
1261   1857
1986   2090
2109   2410
2032   2294
3508   3698
1390   1524
1948   2319
1585   1905
1926   2463
966   1488
1136   1687
2283   2465
1109   1630
1953   2077
2046   2506
1323   1559
2757   2960
3659   3779
1277   1661
981   988
2620   2640
706   773
2088   2553
1508   1871
2905   3078
1912   2191
2138   2496
1419   3420
1531   1781
616   623
3437   3576
1318   1464
561   580
483   1282
1985   2081
2180   2351
3157   3431
3185   3342
1373   1469
1056   1685
1595   1894
1941   2464
1117   1842
2428   2504
2184   2551
755   845
2290   2324
696   713
1100   1229
1935   2585
1912   2059
1126   1491
1015   1583
3483   3895
931   1743
921   1352
329   332
1172   1431
2863   3150
1288   1900
1292   1576
917   1807
2433   2559
1938   2233
1938   1971
1684   3306
2088   2278
58   1912
2069   2520
1158   1502
3079   3396
1256   1800
2285   2333
2492   2546
2052   2592
460   521
2374   2428
3926   3971
1966   2576
1597   1888
2244   2477
2308   2500
3104   3123
2689   2916
2037   2046
1313   1671
997   1331
2290   2354
2299   2348
3534   3612
3106   3120
2102   2332
3154   3386
1070   1504
1041   1748
993   1793
2132   2475
2144   2465
1608   1761
2367   2598
1293   1605
2308   2604
3654   3755
2376   2506
2911   2919
98   223
450   500
1559   1613
2674   3113
1926   2406
1101   1416
1604   1668
40   334
3437   3500
925   1110
739   807
2712   2785
3356   3412
2210   2323
1216   1493
2465   2472
397   477
2408   2600
2951   2989
1149   1323
2299   2353
1156   1622
2345   2406
2113   2548
2128   2598
3437   3536
724   834
2757   2782
1609   1620
930   1616
2780   2785
2750   2864
2065   2333
1702   1863
698   880
1345   1716
3232   3301
896   1647
2001   2657
2939   3247
2060   2500
432   444
3743   3871
1983   2201
55   200
3611   3790
3706   3714
2123   2553
1392   1716
2059   2550
1516   1849
465   475
2896   2969
1921   2159
1689   1737
2573   2578
2795   3307
1017   1219
426   504
1509   1823
1166   1241
2290   2654
2282   2608
2839   3348
415   520
1172   1456
2282   2319
1331   1800
1059   1110
1577   2555
1972   1991
3815   3907
2276   2307
3004   3363
2501   2598
1118   1493
724   830
3253   3345
1330   1453
2053   2125
1114   1543
1912   2296
1981   2235
3615   3907
1338   1357
2032   2134
107   1405
2151   2273
2407   2543
980   993
2944   3056
2911   3096
2755   2920
107   1243
2188   2308
2156   2577
1380   1816
942   1907
417   497
696   829
2940   3232
2735   3140
454   564
3058   3188
2919   3014
2043   2520
925   1399
2149   2512
2032   2367
2694   2806
2223   2268
1941   2275
2549   2615
412   517
1036   1129
2123   2229
1123   1361
2280   2367
1358   1878
919   1871
2218   2542
2043   2625
3035   3360
2719   2853
3437   3653
1339   1610
2464   2468
389   397
2681   3014
2427   2429
2172   2275
2191   2196
2199   2461
1330   1707
1947   2280
1912   1944
1004   1741
2165   2507
3437   3714
1029   1613
2369   2376
1142   1514
462   536
2049   2173
2564   2593
2468   2550
1920   2458
2019   2499
1238   1335
1998   2225
925   946
1468   1787
1086   1799
3225   3396
978   1484
2125   2151
3178   3307
2521   2551
1644   1795
1116   1230
3468   3532
136   1998
2863   3391
2701   3011
1599   1696
3088   3208
29   231
2158   2523
2340   2477
2026   2161
1488   1768
2347   2376
1075   1620
1684   2901
3032   3253
1199   1821
1912   2220
583   670
2020   2611
1068   1207
2081   2133
1946   2118
2266   2526
2056   2147
865   868
2627   2657
2124   2478
3648   3924
1946   2404
1456   1826
3019   3295
483   544
3231   3392
758   808
2188   2369
2132   2555
2292   2598
92   194
1249   1748
1642   3263
1620   1659
732   771
3528   3681
1024   1571
1570   1772
2822   3222
903   1880
1997   2084
2786   3174
2977   3238
1104   1479
1485   1735
2396   2594
2149   2215
118   172
2329   2504
2448   2488
536   538
2270   2425
34   428
2132   2187
1160   1331
2307   2586
3625   3841
2123   2551
1156   1230
2133   2475
1299   1536
2696   2870
2241   2508
3029   3238
2292   2609
2233   2560
3501   3545
1148   1716
1643   1835
991   1641
1361   1669
484   493
397   543
1939   2304
2114   2260
1863   1879
3288   3386
1919   2660
2201   2655
1144   1251
2332   2463
1369   1757
1684   2714
414   628
2772   3296
1330   1570
1985   2095
3525   3596
901   1319
2845   3076
1123   1805
3437   3547
3449   3692
1945   2510
3481   3919
1947   2509
2133   2203
1250   1867
2989   3160
1984   2201
2038   2226
1098   1803
805   837
1351   1437
1577   2068
1026   1290
697   721
2877   2897
107   1817
3232   3387
3256   3376
3568   3810
3086   3412
2005   2210
2007   2646
1329   1819
3489   3652
2040   2069
2117   2187
1412   1500
949   1428
3026   3384
1471   1488
199   314
3981   4018
2749   2873
636   653
2973   3355
1921   2202
1940   2289
376   591
1375   1688
107   942
1289   1613
2374   2655
199   261
1174   1825
1288   1757
2506   2615
1559   1793
1283   1863
2040   2142
2782   2872
2380   2448
1582   1728
378   524
637   1060
1912   2222
1017   1420
1456   1584
1258   1658
2334   2348
2083   2543
2228   2371
690   694
1146   1620
2020   2526
107   1492
2005   2172
1125   1902
1000   1759
1684   3143
2863   3235
3449   3674
1463   1833
3190   3248
981   1502
2443   2622
2125   2372
2143   2436
2900   3154
3710   3713
2128   2646
1352   1547
925   1172
2864   3104
2331   2654
3036   3394
1549   1565
1201   1447
2743   2986
830   847
1661   1729
2212   2334
925   1124
2068   2189
1070   1183
111   337
2839   3228
1011   1169
2264   2417
1072   1815
2108   2561
1710   1900
1190   1192
1084   1173
392   475
2115   2172
402   523
3756   3968
1637   1795
3081   3259
2086   2546
511   536
1012   1616
898   969
964   1672
3678   3791
1928   2018
3800   3804
1504   1709
48   203
1985   2073
1024   1449
3146   3288
2087   2249
2045   2353
1980   2097
2054   2458
2750   2945
3437   3510
2087   2169
2083   2108
1912   2224
2677   3375
1932   2246
2750   3073
1107   1458
1919   1980
1997   2200
1201   1609
2045   2561
2331   2356
1938   1985
107   1892
2374   2615
14   20
1993   2484
1622   1722
3483   3878
3021   3297
3199   3280
1548   1648
2030   2578
3980   4001
2735   3418
2869   3381
3140   3182
2985   2994
2003   2327
98   304
2033   2347
3021   3206
1199   1352
1122   1358
65   297
3250   3363
1435   1819
2323   2601
1163   1547
2247   2304
1684   2941
2664   2872
2763   2967
1912   2521
1557   1613
2064   2655
2773   2786
2030   2536
2759   2812
609   666
2716   2951
2081   2252
2001   2192
711   738
1118   1880
89   95
3531   3863
3707   3756
1121   1541
2116   2128
2909   3226
2720   3240
1926   2241
2123   2469
1973   2011
1920   2087
2862   3195
1042   1831
2307   2573
1639   1774
2447   2636
2815   2839
1920   1948
1009   1284
2880   3117
2978   3430
1426   1578
1613   1717
3108   3226
29   172
2968   3097
1391   1520
2042   2224
1284   1899
1117   1898
2458   2511
2813   2979
2007   2198
2690   3099
524   651
3154   3291
2043   2374
2344   2588
1115   1596
1322   1857
2109   2561
2460   2507
2339   2654
3171   3214
460   523
1070   1686
1004   1267
1718   1782
2460   2630
1235   1680
492   515
107   1765
2906   2956
1131   1169
1155   1320
3437   3586
705   713
2939   3302
3437   3631
952   1431
1684   3001
1993   2521
25   276
3740   3815
2521   2586
2266   2532
2180   2508
1912   2509
788   806
3084   3339
53   266
1116   1845
726   745
2604   2611
3633   3667
627   670
1205   1288
1399   1431
1929   2374
428   1740
2951   3346
2994   3090
2575   2630
637   1318
1028   1305
2194   2473
3896   3924
2914   3253
2485   2615
2045   2123
1077   1202
1538   1559
2086   2220
3604   3804
1040   1409
1237   1763
1153   1845
2750   3348
1516   1721
2384   2617
3980   3997
2088   2115
2145   2473
2074   2348
1449   1598
1216   1468
1209   1339
2206   2266
2010   2273
1404   1596
2278   2326
2390   2509
1998   2159
1301   1369
2235   2652
3348   3384
999   1612
1994   2081
1985   2037
2045   2220
1709   1756
2108   2150
107   1640
1173   1460
412   520
1550   1573
367   502
526   968
1490   1631
59   238
810   827
3632   3918
2951   3345
2102   2239
2775   3346
3484   3940
2235   2390
171   189
1604   1688
3437   3906
348   435
2190   2607
2111   2343
2970   3102
1361   1626
1076   1467
3060   3101
136   2032
2384   2400
387   465
1235   1830
1250   1390
3563   3852
2741   2988
1249   1428
2828   3332
948   1878
2229   2484
932   1409
107   1154
238   261
2047   2417
2046   2593
1011   1504
2062   2398
2078   2579
686   733
0   149
2328   2642
2673   3363
3465   3675
1542   1707
107   1087
3514   3670
1014   1102
2878   3214
1079   1491
2446   2489
1247   1502
373   523
2040   2407
1799   1827
2932   3111
1443   1831
2217   2313
2118   2339
2123   2309
91   201
1345   1462
2266   2443
3440   3780
1393   1407
1010   1667
2772   2803
1959   2111
1613   1637
2708   3396
484   1300
1048   1331
1132   1898
77   231
718   748
1945   2304
2241   2451
3100   3118
2255   2466
2087   2144
3082   3342
2040   2271
2127   2597
3604   3943
1376   1467
456   496
2068   2072
2283   2508
2709   2735
2149   2649
2285   2588
3082   3206
3214   3219
2485   2593
2226   2379
2127   2241
2045   2210
2436   2491
1040   1868
2829   3356
2223   2598
2261   2578
2342   2450
2264   2333
983   1662
2206   2489
2429   2512
497   500
1993   2631
1993   2586
934   1420
1409   1571
1054   1416
962   1910
2222   2415
2626   2648
137   326
1361   1390
3076   3136
3730   3804
686   790
2083   2551
2409   2552
2423   2607
107   978
694   842
107   1900
3437   3582
107   1585
2187   2510
1488   1717
1983   2602
930   1374
3677   3800
370   458
1345   1475
2815   2872
1590   1612
1997   2136
3040   3284
387   395
1888   1898
1067   1873
2260   2412
1179   1512
1714   1886
2479   2617
3545   3684
896   989
2279   2510
1916   2304
1037   1109
1938   2560
1159   1435
1509   1730
2395   2586
2410   2414
2960   3184
40   169
1938   2005
1590   1768
1776   1808
2976   3111
1280   1551
902   1347
2194   2351
1970   2555
2471   2512
172   212
56   325
1402   1868
3082   3198
2154   2323
2661   2716
3219   3369
493   494
1380   1689
2471   2588
348   378
2495   2590
2697   3292
1179   1223
2073   2124
2909   3399
2459   2583
2896   3129
1684   3008
576   640
2132   2221
1184   1559
2313   2558
1017   1059
2257   2404
1405   2962
1166   1515
1920   2302
980   1164
1102   1454
3529   3915
2890   3029
1551   1623
2956   2987
2254   2268
2153   2250
735   769
1255   1768
2384   2544
940   1236
1954   1972
3998   3999
2773   3014
1926   2032
1603   1622
1390   1879
3177   3415
1626   1800
1960   2120
2698   2890
2138   2176
2848   2901
913   1630
3151   3431
3179   3411
1115   1550
2979   3340
3089   3188
455   568
2292   2461
1105   1890
2951   3075
2955   3397
1621   1833
2133   2256
1989   2271
1003   1112
3577   3828
2363   2484
1164   1557
1198   1736
2209   2289
1091   1888
2088   2625
2379   2612
2661   3391
2093   2521
1026   1846
1943   2043
366   395
2101   2327
2511   2653
1947   2582
1112   1278
1059   1128
1231   1862
2206   2602
1955   2458
2121   2172
3437   3668
2408   2602
2047   2543
0   191
1545   1574
3763   3810
1098   1140
1153   1723
2006   2659
1675   1730
2044   2309
3156   3187
2549   2560
1684   3095
2334   2500
391   527
1557   1597
1431   1868
2240   2460
2781   3366
1976   2013
1431   1888
3077   3168
3105   3251
2005   2164
713   828
2169   2249
1993   2407
1331   1835
2047   2153
2139   2590
3154   3371
3140   3177
2058   2526
559   669
3655   3933
1912   2233
21   251
3437   3751
2319   2649
2575   2615
1366   1725
1180   1741
2237   2410
2750   2827
3866   3881
2232   2292
1638   1716
2548   2558
3449   3796
2187   2279
402   570
2499   2559
1637   1768
1919   2225
2043   2429
2081   2327
3465   3975
378   431
1018   1786
2787   3097
1595   1893
2800   2944
2112   2340
3106   3299
2485   2549
1612   1621
1955   2592
398   538
2125   2174
1005   1672
1190   1231
1951   2022
3518   3902
2103   2573
2010   2498
1955   2319
1804   1839
2083   2363
107   1213
388   497
703   730
2189   2542
1214   1888
363   1692
3557   3611
2033   2586
946   1339
1086   1271
2064   2340
2060   2507
3684   3938
1963   2560
3577   3734
2054   2289
57   249
921   1613
1481   1749
2238   2455
2347   2579
2489   2542
2645   2647
2233   2306
606   905
2019   2526
1609   1717
2286   2497
3052   3237
1352   1377
2783   3385
2719   2991
574   663
362   473
2410   2550
1207   1823
369   442
2352   2423
999   1652
1323   1791
1008   1357
2002   2510
938   1424
280   323
2712   3035
1939   2471
2347   2590
2484   2485
2872   3065
3060   3172
1260   1366
1571   1879
3034   3406
2030   2462
1370   1832
3541   3912
3521   3728
1943   2308
369   518
2250   2302
1062   1699
3313   3327
1918   2430
3333   3394
1376   1846
2154   2504
1302   1799
941   984
25   69
1079   1344
465   507
2042   2533
932   1329
1842   1879
2697   2962
25   188
2324   2409
2212   2428
1688   1885
239   295
2290   2500
3584   3973
1742   1751
1084   1571
3545   3962
2772   3242
1444   1713
1792   1860
2661   3302
1375   1620
1349   1763
2894   3262
1370   1456
118   268
1127   1640
483   1324
2073   2340
1590   1888
3087   3196
1945   2451
925   1149
2805   2997
2332   2555
2078   2532
2419   2588
791   796
1185   1675
1925   2579
101   302
1948   2117
2201   2237
1303   1732
2675   2702
2460   2556
2030   2115
1320   1645
3562   3594
1984   2083
3437   3468
1334   1551
1401   1839
2407   2551
946   1092
3274   3367
980   1209
1370   1793
3437   3499
2679   3078
506   527
2781   3277
3480   3677
600   650
3803   3869
2974   2994
3497   3966
2909   2910
1483   1902
1146   1305
2132   2280
2960   3324
1334   1612
456   537
2069   2556
2093   2623
3070   3116
1391   1559
2276   2593
2433   2600
2370   2520
1278   1757
2190   2352
1214   1757
2993   3014
2154   2329
1100   1292
431   537
422   460
1205   1584
2777   2896
2212   2369
2134   2191
2943   3284
1391   1782
3065   3301
2151   2289
605   654
1985   2546
1932   2533
618   631
366   400
1085   1165
2340   2414
1256   1330
412   529
2107   2146
2319   2516
2157   2202
2033   2090
1155   1400
2912   3004
1210   1549
1684   3413
2849   3115
1912   2384
2055   2201
2043   2275
2064   2206
1942   2476
1184   1769
2348   2646
1679   1773
2748   2818
3142   3363
906   1128
800   814
2200   2619
764   824
2142   2220
1192   1786
3437   3824
414   593
3254   3411
1236   1815
2408   2464
936   1767
1513   1779
2347   2518
2332   2347
1132   1813
1954   2202
2083   2395
417   524
2875   3258
2212   2363
1185   1619
2090   2139
2196   2510
1943   1983
1520   1563
1315   1884
2096   2222
2165   2275
2069   2624
1367   1632
2229   2324
2309   2607
3525   3841
1917   2347
1950   2004
3042   3257
738   745
3569   3924
115   226
3207   3241
2065   2081
2218   2550
1934   2145
1114   1882
1120   1227
1339   1471
1557   1823
2036   2047
1420   1683
2925   3184
2117   2148
2797   2936
1472   1727
446   475
1688   1804
142   315
66   134
1684   2979
1070   1213
3026   3084
1108   1406
2778   3118
119   203
3123   3135
2095   2275
2137   2347
1971   2381
104   109
1971   1979
2827   2969
2754   2756
1718   2241
2827   2877
2937   3079
2030   2477
475   506
2338   2384
1980   2061
1684   3244
2426   2444
1293   1826
2059   2381
3511   3770
2447   2645
2585   2647
2933   3063
2149   2332
2719   3344
686   717
3838   3860
2012   2364
1107   1437
3027   3051
514   520
1938   2404
1669   1813
2028   2598
1918   2469
2125   2143
2278   2575
1402   1617
2720   3215
1510   1778
1541   1699
3592   3626
2392   2575
1131   1703
2661   2780
2268   2589
30   200
1340   1613
2992   3204
1669   1746
1724   1827
28   116
2876   3214
1941   2600
983   1199
1032   1495
2187   2592
1284   1715
3196   3330
2159   2364
1021   1448
1927   2620
1156   1669
475   497
2005   2088
2033   2118
1433   1708
1160   1222
2119   2371
1555   1847
2738   3257
1935   2647
1182   1753
1153   1622
2473   2608
0   227
395   591
953   1243
3506   3826
1925   2124
408   556
1948   1954
2969   3324
1245   1742
2363   2500
68   177
1995   2225
1804   1898
2309   2352
2665   3395
2087   2617
0   234
2626   2659
1816   1888
1201   1329
2042   2054
359   481
21   98
1415   1667
3443   3859
1015   1044
1954   2052
2049   2371
2212   2395
3239   3321
370   525
2286   2488
2745   3324
1941   2282
2304   2555
1997   2339
914   1247
1287   1864
2719   3332
409   497
1718   2010
1289   1643
2381   2542
348   533
419   516
392   559
3252   3277
1521   1626
2084   2271
25   277
2138   2241
1976   2659
3129   3226
3188   3299
2206   2370
2862   3417
1269   1431
1959   2511
2254   2279
2780   2939
2253   2446
3706   3906
2739   3420
2854   3363
2032   2510
916   1902
1467   1685
2053   2111
272   280
2408   2409
1912   2251
398   512
2323   2504
1211   1800
1246   1504
2542   2590
1343   1364
1943   2165
1399   1621
2981   3137
1068   1238
363   1744
3596   3889
2239   2242
246   322
1750   1823
1192   1413
3061   3398
1997   2604
348   548
2730   2758
1959   2292
2271   2593
3985   4014
506   545
2123   2576
1352   1617
459   518
504   507
2754   3129
925   1613
2528   2558
2694   2787
2074   2309
1684   2936
2363   2573
606   1349
3981   3998
2084   2218
2020   2604
2924   2931
3583   3931
2206   2564
2131   2257
2148   2194
1116   1816
2090   2213
2602   2630
1983   2323
1211   1662
374   591
921   1675
917   1020
1985   2229
369   516
1369   1780
2187   2343
3087   3236
1959   2087
2758   3154
1075   1243
1211   1737
2033   2352
726   751
738   774
3525   3674
999   1068
3197   3216
1070   1624
2071   2194
1426   1790
2148   2315
2828   3350
3440   3734
2072   2315
3152   3351
2412   2424
1684   3428
3089   3252
957   1231
3104   3243
3596   3674
2757   2945
958   1798
2150   2500
1439   1610
2235   2434
1284   1587
686   781
909   1368
2244   2353
1798   1802
1290   1365
1557   1620
2053   2239
2131   2423
142   169
1307   1705
1471   1600
107   1726
993   1643
479   517
1198   1800
2451   2653
1024   1442
2755   3339
2833   2875
2028   2472
1211   1302
1238   1614
2307   2308
1927   1980
2224   2512
1230   1662
3152   3411
104   128
927   1888
2176   2582
2676   2919
1544   1822
2290   2601
2216   2507
1352   1622
1123   1735
726   773
2218   2370
3184   3294
1418   1504
3471   3940
2026   2396
830   838
1977   2265
2764   3020
1577   2138
2200   2464
2210   2492
975   1438
1341   1685
1925   2043
741   820
1453   1885
2037   2122
98   342
1920   2149
2045   2218
2074   2131
2738   3426
2342   2618
1986   2201
3042   3137
2038   2419
1986   2655
1429   1487
708   797
3116   3258
1409   1722
1844   1882
772   814
2045   2549
2031   2406
2745   3394
2705   2925
2117   2174
1389   1663
2420   2555
107   1283
2931   3073
930   1695
2093   2414
452   513
2757   3036
354   489
1984   2339
3493   3506
695   805
1608   1902
1567   1698
2090   2615
1086   1761
3604   3915
2190   2391
2730   3087
778   830
1308   1785
1446   1694
2446   2601
2140   2308
2600   2638
2937   2995
3152   3201
2266   2275
3129   3436
353   1475
3335   3351
2410   2460
2102   2451
2004   2620
958   1733
1559   1891
2033   2590
1086   1715
2724   3415
2217   2422
1185   1570
3120   3206
1670   1908
2825   2921
1750   1879
921   1059
524   565
1104   1462
1235   1322
2275   2578
576   659
1718   2087
2853   2863
2207   2650
2926   3427
1959   2533
2419   2510
1333   1629
1376   1547
1995   2660
1971   2586
906   1861
2290   2495
1659   1752
2340   2638
3284   3363
1153   1730
1563   1839
1600   1669
2756   2977
2504   2593
2777   2806
2001   2061
747   823
2398   2463
2959   3309
1277   1903
995   1029
2190   2240
1358   1606
2183   2617
2040   2326
1986   2615
1659   1891
2311   2446
616   684
780   834
2288   2300
1339   1757
1916   2087
2302   2543
712   789
2328   2629
2095   2549
426   431
2003   2075
1004   1017
1209   1242
1912   2146
2786   2988
2326   2611
420   506
1941   2611
2037   2043
1912   2325
3158   3238
3639   3883
3116   3332
988   1576
2257   2353
3239   3252
1925   2492
1983   2408
2073   2229
2154   2590
3188   3411
1684   2767
1185   1827
1574   1766
1126   1198
381   419
2078   2593
2537   2603
423   538
1547   1556
1345   1495
3277   3416
2966   3022
1504   1725
2005   2381
419   486
1945   1994
2951   3051
2359   2428
2043   2586
1567   1705
2787   2901
2299   2307
694   830
2406   2610
2280   2394
0   131
2858   3404
2300   2556
2276   2324
1285   1598
2538   2658
545   559
2745   3143
349   478
1277   1875
2681   2925
1718   1912
538   1487
2210   2623
2308   2556
2037   2164
1435   1877
2348   2356
265   342
1966   2261
1256   1813
2254   2385
1110   1864
1017   1130
579   639
2192   2538
2950   3256
1912   2042
1966   2059
1076   1632
2395   2410
1195   1782
1107   1816
3609   3830
1409   1535
0   181
2136   2576
2038   2141
2412   2455
2029   2328
1983   2088
2073   2625
3072   3118
1070   1275
2328   2429
1352   1659
2377   2509
1946   2549
2212   2329
3528   3542
2689   2927
2232   2313
2363   2520
2107   2228
1232   1601
128   248
1086   1632
213   224
1913   2616
1918   2290
1587   1596
107   1431
415   495
2148   2199
1613   1811
2003   2603
1128   1302
2091   2130
1   236
1538   1793
2057   2215
1598   1603
606   1358
2140   2591
1668   1823
2187   2368
2074   2190
2669   2750
1959   2057
3226   3426
606   1677
2324   2348
3107   3323
666   680
3605   3860
2309   2469
2392   2619
2334   2542
1400   1692
1367   1737
2042   2292
2268   2451
2918   3167
3316   3344
2037   2561
2074   2088
1984   2266
2593   2638
1160   1391
2491   2597
2129   2440
2778   2853
2993   3026
2031   2036
107   1102
1638   1786
122   297
2706   2945
7   339
1122   1844
2896   3363
2071   2512
1955   2239
1061   1687
1188   1260
1863   1883
1684   3232
2574   2602
1024   1390
1994   2042
2030   2395
471   561
1048   1750
2023   2316
2973   3101
2666   2912
3486   3924
1059   1146
512   561
484   1673
1390   1789
1947   2384
2133   2250
2863   3239
1355   1703
451   503
2778   3261
197   281
1101   1799
2105   2236
967   1485
2409   2564
376   1300
2554   2593
1299   1366
3753   3907
3410   3412
166   173
3960   3967
2423   2550
2150   2630
916   1267
3980   3991
2063   2098
111   326
1199   1604
937   1106
3070   3132
2034   2421
3464   3680
980   1367
2803   3256
3711   3969
2478   2550
2109   2492
1104   1257
2033   2299
1423   1903
1605   1839
1051   1228
3738   3956
515   580
2104   2172
355   396
1921   2585
2259   2592
956   979
1052   1259
400   444
2206   2560
1598   1789
2131   2477
2059   2607
3791   3964
1945   2589
1024   1126
1232   1895
2143   2283
3677   3712
1365   1663
2368   2555
2188   2460
2109   2430
2586   2631
3188   3252
2331   2613
952   1714
1006   1222
1746   1879
2347   2511
444   513
1478   1829
376   683
2218   2240
2708   2894
3351   3360
3584   3718
3194   3209
2121   2150
1920   2653
2106   2437
373   388
1937   2412
1175   1736
2870   3001
1061   1136
1946   2550
2708   3172
2133   2471
1577   2010
1150   1476
3002   3287
1182   1608
3450   3545
1813   1879
967   1255
980   1839
2244   2468
2005   2261
1983   2121
1912   2021
1123   1391
1389   1447
1080   1545
2755   2966
1265   1608
2153   2267
352   492
1370   1449
0   92
1054   1554
2296   2416
2676   3339
677   680
1983   2083
1302   1613
1361   1610
797   849
2888   3137
953   1214
1941   2363
24   53
3437   3575
1654   1762
1124   1219
2719   2720
1959   2274
107   1529
2868   3329
1932   1994
2674   2939
2764   2999
2718   3264
1912   2645
637   1300
3000   3158
3490   3580
1948   2516
3258   3320
2150   2369
2059   2386
1912   2648
553   683
2053   2273
3240   3321
1973   2319
2423   2559
1352   1644
1964   2612
370   432
107   1189
1968   2365
1963   2590
2395   2407
483   1492
3736   3842
1221   1647
2068   2473
1330   1535
2216   2374
483   1543
1199   1390
1491   1559
1962   2593
348   449
2090   2104
3938   3962
3464   3602
3488   3596
1488   1845
1539   1835
2995   3168
1126   1799
1483   1637
1995   2417
2238   2562
2109   2559
3376   3401
2037   2433
1783   1828
2940   3054
1261   1812
3035   3115
566   580
3107   3246
1104   1742
2073   2216
2093   2216
718   730
1003   1420
1245   1508
3136   3365
686   841
1006   1530
2123   2352
1172   1388
3670   3824
1048   1816
2116   2364
988   1190
1232   1568
1530   1563
1491   1572
2282   2567
738   813
2916   3117
695   701
2109   2323
761   848
1916   2149
2905   3226
387   428
1258   1492
3756   3944
2257   2275
1116   1754
2069   2601
2540   2642
3687   3824
1090   1127
2328   2498
2072   2537
3701   3957
0   173
2286   2335
1962   2179
3702   3737
3731   3884
1390   1902
107   1577
896   1790
3540   3556
862   3501
1946   2206
917   1007
1653   1826
305   312
2302   2475
2218   2561
1983   2288
2165   2623
1574   1692
919   942
484   515
1064   1094
566   593
1401   1516
2676   2877
2414   2578
816   833
1068   1707
1965   2557
3252   3355
1267   1668
2887   2994
3596   3948
3663   3735
971   1706
2003   2081
2359   2489
2467   2469
498   532
1041   1496
898   1454
1199   1554
2007   2325
2038   2425
1684   2964
1306   1472
997   1201
2064   2078
1172   1191
483   1848
3002   3077
1953   2331
2821   3413
2028   2471
107   1870
3437   3538
2047   2189
1102   1282
1361   1447
1352   1668
3455   3526
1929   1938
1102   1820
990   3263
2989   3406
2233   2532
135   309
3542   3730
2408   2430
1182   1851
2414   2655
974   1640
1261   1345
2030   2625
2934   3075
1035   1152
1211   1663
637   1204
0   143
2124   2165
3692   3873
2781   3419
1370   1547
2047   2643
2854   3193
222   313
1469   1866
3035   3198
2877   3047
2777   2919
1440   1858
1201   1600
3790   3845
1707   1772
2154   2615
3264   3337
934   980
1620   1683
1959   2102
2351   2472
2150   2526
2773   3026
1626   1909
2213   2602
3033   3435
3321   3327
9   291
1983   2331
3437   3903
2698   2906
107   1767
2028   2174
2052   2384
1021   1257
2063   2638
2045   2500
1589   1842
1026   1517
1948   2292
1954   2143
1712   1816
971   1495
1963   2460
1376   1810
272   329
1198   1530
2165   2381
1684   2799
2275   2532
1332   1464
3136   3282
2028   2328
2354   2623
2482   2611
2062   2072
1539   1540
366   497
1945   2445
713   827
941   1871
484   1604
917   1221
2768   3299
1994   2087
400   606
1377   1416
1542   1605
2749   3026
1004   1391
1947   2161
2084   2220
3101   3116
1272   1846
2279   2338
1439   1757
2246   2389
1993   2077
0   241
1076   1156
2149   2543
2352   2356
3016   3208
3545   3838
993   1675
1449   1471
1601   1784
3518   3557
927   1750
2428   2477
2325   2588
618   619
897   1084
2708   3262
1271   1447
500   563
701   726
2673   2694
1078   1132
1302   1835
1839   1845
3728   3921
2716   3320
2692   2951
0   303
1049   1116
2915   3104
2103   2311
2370   2611
3145   3297
1120   1459
1049   1344
1072   1428
698   887
2685   3263
2078   2601
1373   1382
1017   1516
2294   2592
2419   2598
1577