1   2
2   3
3   4
3355   157693
8643   3628
4018   1905079
3765   97995
36387   1449543
11300   5285
2093   494543
1358   36054
37284   2182007
215   333456
77336   2326399
2459   19245
9376   503627
34658   2327744
3443   437784
201   2042244
2285   1612187
8103   1346330
1439   177984
20307   1214689
1629   817373
8013   4709
3215   2035855
3690   1437578
205   167796
2857   900050
4161   4447
3493   2558
4935   815734
7136   1392005
1611   1124273
56554   1112755
15845   133361
4027   1822424
297   1293516
2845   552058
24108   1554096
24803   1513150
6999   532856
10879   518694
1886   8436
64325   1030010
16195   657722
62430   2321412
1913   2233362
3960   1265936
1129   1815549
7307   72605
2418   2200150
1581   272780
10873   1527483
1199   105277
1760   821929
13942   913924
8997   271101
2093   600003
138   733316
20891   2379388
41488   752388
6300   12594
12693   1618754
32941   305631
5628   11520
841   773960
38336   2129816
30550   820603
9408   66859
3658   503418
3524   1384317
3823   716774
53730   185183
2920   1771353
6712   952156
6388   19084
13526   1224040
758   750747
5273   673346
15114   1693832
13176   260142
2247   184492
13987   1713391
64325   1096604
37848   2123285
6456   1647084
178662   13861
8158   2278850
55315   2534
24803   784505
1078   10877
966   378153
2956   1967034
1806   2202735
25   860083
3856   1614081
2207   166155
20088   946355
360556   302
3658   2159775
9957   112860
55378   2294648
3215   2004294
1710   35412
10162   2043253
8102   532804
170   352004
7756   1824114
612   6623
133643   133642
1985   1252003
7438   464543
3766   1466144
4447   601081
2543   369195
1720   585437
892   383845
15875   1073955
118163   2266
1710   761478
13793   329
138   301318
13617   808878
13120   101280
1214   9514
2569   15746
280   1202786
634   907
3448   336526
4980   1606799
11728   1051998
14289   878692
1759   1408892
3215   2305175
32688   7128
7284   528565
12153   413280
4603   420172
17952   1105930
3823   2268554
11546   1503028
9005   3460
16106   819453
11727   1235889
1007   30559
155   86703
13501   121662
175154   1774648
1659   738107
13177   561705
299   370351
8127   2246065
102   10462
2857   958
5393   1331625
1896   1180680
18738   172
7303   575251
13415   359993
1344   436527
1935   203449
1549   174360
779612   31089
2607   1488252
41564   1127329
15768   1355053
1033   607950
7234   34764
1360   1158825
206   115591
2321   199
31084   588063
4303   1485441
18915   1543775
6323   331202
2387   1936084
3277   1118227
54804   1041714
4311   2371197
2607   1127200
2934   2893
1722   775937
10902   1888265
11509   984969
7368   1099751
1382   533025
353   242926
24803   2184272
8056   2151611
6036   1603508
555   909559
1591   276011
32067   501768
3124   393738
32067   5715
1190   549323
2174   27525
4314   99954
862   550
7452   1491134
2938   1965810
8720   1691741
7756   1727454
75988   130025
2920   1431954
27604   1208556
1511   212826
4312   1460622
3785   1052054
1382   1093839
5780   570229
4879   1778430
1446   189109
4551   215112
209842   557419
706   30917
3215   2142413
3658   1788204
1913   1882137
7633   721482
2117   359824
14439   4813
8481   141650
49106   12490
3215   2121396
3349   932968
3822   1177610
5683   6323
2627   907
17001   846219
25737   530374
27402   2047394
83   19253
4355   947
483   494345
5593   1252503
1032118   1726
5045   523226
31070   1513
1113   1310841
62524   695603
3805   1330529
9460   851779
3723   131
12515   66801
1020   16871
5553   586954
5412   242
25715   1304
31507   50334
4704   1409015
10879   23860
1233   353418
1329   77350
1113   361415
1617   1657
2333   1748114
46938   232390
4256   1965
7812   1808390
5998   1536
23850   2169844
16123   66798
14034   2314
22106   1813497
1591   243531
155   444336
1855410   1878093
4653   112752
5620   75709
13859   430571
29874   167
40226   1571869
14222   697415
10168   2131019
8392   1600
75686   674100
10449   6388
1710   202765
20264   956002
9935   1805543
8275   2340214
3129   7661
3519   1645074
3215   2299774
5987   1482740
19440   184264
9505   14090
3273   276929
31129   1343193
543403   6806
60059   4567
29727   2081053
1059   30755
14406   1087659
887   721100
1055   754
879   2324704
155   443168
5273   357629
3215   2238483
7810   362
4466   276547
528   1450
1659   697038
170   51673
4935   452741
11109   492226
64935   1296671
1129   965992
1971   993402
2465   1389
4465   174611
13616   11728
9460   670259
7902   1661427
3650   1765218
8563   434829
7208   93158
243   5529
6112   447530
523   427078
2300   67965
9804   9145
923   1424
3047   2360200
1110   134432
476   1107233
3690   374784
11295   1508462
5781   1172030
1864   4831
5813   1319082
7301   351695
15937   1986196
14498   776502
6714   1766406
3658   1960462
63   554317
138   329411
22577   919888
3410   155535
9631   11481
1719   1940834
3215   2298250
2376   714799
823   294256
18751   12678
205   906417
1713   940357
205   797264
15623   2925
25360   1430595
11651   1511614
81   583518
3215   1945747
2093   243924
15940   267576
43396   21982
8061   813477
13040   31248
3620   296536
22932   604035
3215   2028832
22905   1203044
1379   1761080
17181   894654
3115   2108417
5031   463677
989   500
13824   261061
4690   371906
2562   472585
5390   2290
33712   1240235
1249   972006
15058   567488
8103   1279968
418   9887
144   36512
6128   1935756
13950   1978807
62406   1958728
76819   31595
764   2174543
2387   2207927
1473   18935
1439   2138
18915   1528902
16531   2188228
20019   2131420
24832   118324
6223   19938
17031   2216226
2607   1142332
1900   2351181
494   42373
8371   1078620
3821   358719
6425   6376
1659   609468
6908   1835154
4944   18782
299   1261634
1764   1122714
3659   2032308
603   1688
11188   2123238
12693   448256
34136   1864
15114   1213712
31661   521221
66720   1433004
12712   1084011
138   97174
530   3282
1075   529642
50774   271705
1764   957623
7250   1136
18916   1644
42714   1763301
1659   1693673
1249   169286
13176   1720507
1101   1765074
951   232219
65744   3991
21169   56513
16953   1431122
1190   846278
4276   1023976
3975   921
256572   1627492
27166   95304
17552   1613771
68195   1157980
16560   704739
10752   1979
2017   1669934
215   528953
4276   411187
2305   1527
1393034   11847
440016   2258951
138   8107
536   1603687
458   778013
72441   7307
34703   899
7333   1533342
95269   8103
4318   1586390
10155   2262054
34272   381104
1036   882257
1987   344741
1718   1065707
18004   1329
1759   1436353
3504   1048868
1156310   24493
1902824   2082785
8481   3279
5177   1119407
1558   5583
879   57000
7303   1253371
13115   3390
1528   170683
3215   2288446
44376   2651
13893   1120587
6506   4284
1806   2342457
1695   18505
4275   505605
377   734131
12313   329035
7171   959678
227635   2053
2649   4189
744   153471
1661   1759
3595   1864748
1597   5143
11267   472971
2255   1789720
13771   2130155
15242   726905
81850   154413
21360   1786966
994   1382629
35783   2206176
61591   1409186
3273   26094
48303   85675
22631   388449
2635   432369
6351   853943
7902   649526
7153   1862942
1581   294112
21464   18935
12088   803095
4335   1344348
3455   713006
3332   7277
20696   10096
5700   423409
7605   27589
2621   201160
24772   1591839
5987   1718
21106   622337
11109   471911
3215   2119009
1354   199354
10426   883378
172   4932
10646   310152
2868   13120
3602   601149
22213   2066010
22631   209097
17193   1866265
8056   1903873
1048161   3058
1907   7902
26507   2375280
8275   12069
16115   352232
299   141393
356   47106
9021   1886871
892   36070
1013   375850
9963   942622
18433   1996252
5987   101393
2019   414223
14129   290225
473539   2409
55378   3607
5000   7446
13984   659358
14507   1376158
224   538002
8615   2269773
5648   22403
1461   1708
4301   180
1571770   1571771
2418   1924925
3215   2133455
6817   2232065
1896   60278
45533   176413
2376   652041
2621   6080
15111   149857
1329   1729
1904   1608523
3215   2318429
2327   596873
1067   25267
32369   1148695
29743   1491389
1298   1824556
3336   1084529
5780   983252
1896   1592996
22631   392779
11766   1468953
62   4035
3720   1506476
9275   940090
3640   1350940
477   11782
27378   413652
8752   2179318
1661   332714
1097   1588403
13177   709772
915   364506
2297   4112
83   34030
22128   848887
3185   1011190
754   1726436
5393   1713870
11728   1873020
2207   427949
6712   862696
24108   1494000
7924   138
5386   185157
1574   605078
7756   1930473
6714   1648172
9468   41134
299   120154
12120   2195114
45879   3262
22022   617827
5273   618868
438591   438590
17625   1675841
1764   2042774
4709   868746
5126   763951
50528   142106
18135   2183857
17623   2115968
43485   521465
5016   1007953
25   2281471
13176   327015
3215   2319783
159591   34732
432   5371
2937   2920
823   391084
1117   60885
7445   1010494
199   2270
885   887
1569   1666963
12466   1333
7307   699009
56050   8164
67022   8056
10911   1719044
1614893   4996
36113   127755
12920   592870
886   577047
3215   2293890
1190   1427956
1661   187652
2219   114886
935448   1558
4206   257224
2607   6540
33118   2077622
777   11036
2023   1974413
615270   1581432
19688   1143493
5591   1045680
1188   409989
3814   329111
6777   628779
1720   530192
68636   4447
528   6055
4248   4690
1674632   49693
6718   669807
3124   1612
35672   802530
29095   192707
5973   1695886
3823   1293816
3786   34372
384   1119
1085   1619721
7425   685228
35770   990798
12762   1248625
396   8329
44852   1724419
2864   86374
1454   274692
24816   2241899
13813   2153034
141693   15285
2938   1844536
3215   2112881
7438   1516138
15619   2306330
3215   2334519
223044   1695
736   28067
1573   1034
3690   2063861
18694   5515
8431   1996803
9058   1006615
11414   1797233
5782   954512
14429   827442
24155   2212574
2857   149396
8754   1971175
157778   25688
3585   581754
38494   1183570
22304   1094361
6218   2194461
214   37619
4018   910344
8301   1945239
26507   2307550
24319   1733106
88692   67351
8525   1990083
1129   846641
8618   1610525
19440   4493
1886   8524
21859   1460737
27094   813253
9738   833436
1344   303398
34679   1858797
13607   601066
6562   1151911
20099   30474
38135   470678
2410   319695
1344   1236578
22743   631343
9023   27100
1232   651559
9460   246168
14249   1503473
11037   273223
5390   377
43511   13980
16111   801498
11832   864207
3102   21175
8720   1741682
31544   2307300
241   1014806
44852   1727792
1606   361124
4173   724
1718   1201475
522   1382
7330   547447
6714   217880
13612   821431
7419   355261
3523   1515421
358   30166
476   1083702
26215   1003
14078   966
2102   2079709
33712   1316542
6239   1016455
16088   560141
182781   1480174
13794   1970
2327   36600
3215   1983218
12926   1177138
12912   87608
4392   1767159
8275   82553
7303   1173432
1482   923
16996   1464775
2371   2243245
211   162186
7605   670596
3215   2186263
1618   1642053
14772   1210320
12120   1895069
19659   182366
3102   1944170
3531   1067522
20892   61232
12088   2257320
8142   1793387
777   1392043
4466   342822
4314   1740620
4777   1690438
958   288163
8021   2064
67926   729888
49663   17910
7408   267763
16806   1204835
9513   1416184
3971   741892
13546   351577
22743   1058274
35829   1102457
1383   1354
3813   18363
4061   82470
8560   3302
198178   2355058
1606   1087133
8275   2829
4447   437715
2820   39
3825   1545611
5430   1756097
182132   5021
994   1440162
4565   825685
10956   941782
1517809   2165
8867   638442
7451   1705507
1190   953857
14019   798434
40820   2385440
1066   8350
13526   1248249
22005   2356784
67439   7368
28152   292202
63328   823720
6917   6828
4565   2920
1694   901432
7018   1804320
12762   1508653
5171   1764076
10551   1906800
587324   587323
4935   527125
290   254716
7245   3473
55134   1149991
5174   892402
16550   2768
528   2458
1557   686108
1617   277443
806621   2282999
3205   1847698
14249   1497410
23755   1919595
3124   334779
3714   2056622
5648   17718
880   27180
50879   1518833
8986   901228
605487   1027322
15661   485780
16580   1901620
1896   620123
1470   342961
63   348917
65850   503574
41495   1524151
1581   233637
8834   188329
19643   493399
6766   9362
867   116058
2333   858532
28477   1835853
14368   1659036
31830   262281
1055   1556166
1754   1170029
632848   632847
59390   1275381
21975   546788
1570   273830
45896   344577
1528   1289903
5162   202948
63   333534
11728   199038
15113   1997857
1725   9523
2093   808100
5771   1220767
1211564   3493
23437   2355430
60576   25125
45   1797846
1886   201
170   469257
1803   811840
5027   19010
989   533984
152823   923
6444   984614
1720   601149
28395   1016546
23361   1424561
1232   1463957
36387   346547
3215   242205
7647   229015
1896   1066418
5000   1597
184   309077
4018   994463
3991   1572226
8546   588521
292606   32459
3557   2893
2602   825961
48321   2064662
5813   1740230
3   1163519
4935   446803
6562   1466207
24816   2066727
19674   20528
26798   864266
4013   774933
1903   2318542
110543   4080
12920   520489
3887   2287091
9023   65278
16996   2254204
2641   1951168
28563   9435
7318   949989
281   2889
163659   1200329
2589   1857714
476   1031537
11934   329037
28020   10786
840   4339
65759   754
20703   1497396
6994   1341915
16092   567557
59874   864471
4320   1746437
8870   1252584
5913   1710
1226   469
6468   8105
493   2889
4704   6468
3096   128353
6908   490130
13548   889906
14864   8758
1929   1133290
1777   57310
3690   2027505
1482   426993
5725   997810
1629   286482
7451   1353546
11188   2315787
2418   1190583
17613   29743
1080   1757
2920   1562908
160   142
2890   64935
4294   1358829
4185   3525
46245   487766
9275   11553
5393   1991162
3398   110428
32220   280609
192673   588643
830   1888056
365   481686
62530   1511
15223   599988
60355   414515
37284   2302339
3045   504083
1551   772463
3433   477852
984   174907
24803   2182587
2652   7033
3190   297713
58778   1248
14249   1536462
6224   1381929
4171   10148
3048   2349830
4709   798362
9148   6076
1646   2158
28292   1840985
2607   1076731
16527   2337531
823   447
4748   587703
343   4135
24492   1746957
1210   561859
1232   384396
1964   58000
2376   1306010
5   93505
4256   1965
2938   1844536
754   1726436
15619   2306330
1055   754
3349   932968
170   352004
8481   3279
54804   1041714
16996   2254204
17952   1105930
50528   142106
477   11782
1232   1463957
13177   709772
7902   649526
6444   984614
440016   2258951
3215   2035855
5412   242
24803   2182587
13771   2130155
223044   1695
6999   532856
25715   1304
5648   22403
2857   900050
62406   1958728
1032118   1726
2589   1857714
6224   1381929
841   773960
28477   1835853
182781   1480174
75686   674100
11109   471911
1113   361415
60355   414515
6908   490130
16123   66798
1360   1158825
32220   280609
256572   1627492
2543   369195
880   27180
4748   587703
24816   2241899
2300   67965
5045   523226
3332   7277
22631   209097
2864   86374
1110   134432
24803   784505
432   5371
178662   13861
473539   2409
7208   93158
3690   2063861
10155   2262054
3531   1067522
1075   529642
28395   1016546
15623   2925
2327   36600
31507   50334
4276   411187
2857   149396
14864   8758
1067   25267
22005   2356784
1964   58000
3690   1437578
1661   1759
1581   272780
1618   1642053
62524   695603
1719   1940834
6128   1935756
68195   1157980
299   1261634
11934   329037
4275   505605
83   19253
6714   1648172
17552   1613771
1190   549323
5430   1756097
1646   2158
1987   344741
3115   2108417
16092   567557
62430   2321412
16195   657722
1517809   2165
10646   310152
20099   30474
6323   331202
7810   362
68636   4447
14498   776502
1113   1310841
8834   188329
1754   1170029
5000   1597
1581   233637
201   2042244
138   97174
6112   447530
6456   1647084
418   9887
63328   823720
32067   5715
32067   501768
64325   1030010
35783   2206176
2   1
5973   1695886
211   162186
18433   1996252
20703   1497396
4311   2371197
8275   2829
2652   7033
6712   862696
8481   141650
9021   1886871
19674   20528
8061   813477
14507   1376158
3723   131
1573   1034
9631   11481
77336   2326399
45533   176413
1720   530192
12120   2195114
9275   11553
7605   27589
1570   273830
16580   1901620
6714   1766406
4161   4447
37284   2182007
3813   18363
5781   1172030
2635   432369
4276   1023976
1329   1729
915   364506
214   37619
20892   61232
5998   1536
7018   1804320
18004   1329
8720   1741682
3124   393738
3129   7661
22577   919888
2019   414223
7250   1136
2321   199
1226   469
8158   2278850
2207   427949
2255   1789720
2890   64935
29727   2081053
11832   864207
3823   716774
7924   138
522   1382
1659   1693673
159591   34732
14129   290225
8525   1990083
1913   1882137
14429   827442
3124   1612
528   6055
24803   1513150
11728   1873020
4465   174611
536   1603687
1902824   2082785
16550   2768
16088   560141
19688   1143493
1085   1619721
3493   2558
11300   5285
1528   1289903
163659   1200329
1036   882257
5393   1713870
67439   7368
26215   1003
3045   504083
32688   7128
1344   1236578
26507   2375280
21464   18935
18694   5515
227635   2053
4171   10148
3215   2299774
1661   332714
28020   10786
777   11036
12153   413280
1659   738107
5177   1119407
1896   1592996
3519   1645074
892   36070
7303   575251
3215   2305175
994   1382629
27378   413652
2207   166155
8431   1996803
3659   2032308
3102   21175
5725   997810
7368   1099751
48321   2064662
8275   12069
4551   215112
8720   1691741
12515   66801
13415   359993
11727   1235889
24108   1494000
33118   2077622
1591   243531
8127   2246065
1214   9514
8103   1346330
8056   2151611
7756   1930473
13859   430571
1439   177984
2920   1771353
2868   13120
49663   17910
15937   1986196
966   378153
1617   277443
2371   2243245
3215   2142413
12120   1895069
3215   2121396
5648   17718
1190   953857
7301   351695
22932   604035
1473   18935
3523   1515421
1393034   11847
1985   1252003
1855410   1878093
4013   774933
7756   1824114
290   254716
3273   26094
1806   2342457
14249   1503473
15768   1355053
3821   358719
6766   9362
25360   1430595
1020   16871
1896   1066418
2327   596873
4709   798362
3658   1788204
2418   1190583
6036   1603508
22631   392779
5273   357629
18915   1543775
1446   189109
4980   1606799
3215   2319783
5591   1045680
138   733316
55134   1149991
867   116058
29874   167
16527   2337531
299   120154
16996   1464775
21859   1460737
44376   2651
2621   6080
48303   85675
493   2889
2607   1076731
61591   1409186
1080   1757
25   860083
6777   628779
45896   344577
13501   121662
241   1014806
5780   983252
4565   2920
3822   1177610
4173   724
9963   942622
1129   1815549
1571770   1571771
13987   1713391
1211564   3493
55315   2534
3215   2186263
5000   7446
49106   12490
38135   470678
8618   1610525
58778   1248
16806   1204835
8752   2179318
1439   2138
4294   1358829
830   1888056
10956   941782
6239   1016455
4879   1778430
55378   2294648
2938   1965810
1379   1761080
29095   192707
11728   199038
209842   557419
4777   1690438
7756   1727454
45879   3262
4704   1409015
4355   947
4018   910344
1806   2202735
24803   2184272
2023   1974413
2621   201160
32941   305631
744   153471
11766   1468953
3658   1960462
3960   1265936
7303   1173432
12912   87608
1764   2042774
879   57000
10879   518694
4944   18782
12466   1333
28152   292202
1581   294112
9468   41134
1710   761478
7902   1661427
7451   1705507
3215   2133455
34658   2327744
1470   342961
1777   57310
1900   2351181
13548   889906
1190   846278
1129   965992
2410   319695
1233   353418
3786   34372
1055   1556166
243   5529
1066   8350
14368   1659036
523   427078
13893   1120587
2857   958
2247   184492
13526   1224040
31544   2307300
2459   19245
1249   169286
4018   1905079
1190   1427956
887   721100
10162   2043253
603   1688
7330   547447
5027   19010
5393   1991162
1048161   3058
8870   1252584
7451   1353546
138   8107
9935   1805543
1383   1354
138   329411
81   583518
1013   375850
16560   704739
1720   601149
13115   3390
40820   2385440
15113   1997857
22743   631343
1764   1122714
806621   2282999
14019   798434
6994   1341915
118163   2266
41564   1127329
2305   1527
1935   203449
6817   2232065
7408   267763
13040   31248
17001   846219
3823   1293816
10752   1979
1597   5143
4935   815734
823   294256
2376   714799
3823   2268554
13526   1248249
5   93505
1188   409989
3524   1384317
18916   1644
3856   1614081
1904   1608523
6908   1835154
5016   1007953
2017   1669934
4466   276547
5620   75709
1722   775937
81850   154413
8986   901228
777   1392043
1629   286482
1759   1436353
152823   923
16106   819453
951   232219
12313   329035
1710   202765
1725   9523
1210   561859
17623   2115968
17031   2216226
20264   956002
1482   923
1896   620123
10879   23860
24772   1591839
41488   752388
36387   1449543
1903   2318542
6714   217880
7605   670596
138   301318
587324   587323
60576   25125
6388   19084
20696   10096
9023   27100
1482   426993
62530   1511
1329   77350
2376   1306010
1354   199354
2093   494543
3455   713006
26798   864266
35770   990798
1718   1201475
5171   1764076
88692   67351
935448   1558
15875   1073955
1097   1588403
1614893   4996
83   34030
6223   19938
299   370351
280   1202786
5628   11520
958   288163
1382   533025
21975   546788
1659   609468
2093   243924
16531   2188228
3205   1847698
2562   472585
215   333456
16953   1431122
144   36512
1713   940357
16111   801498
34679   1858797
2418   2200150
25   2281471
36387   346547
13942   913924
1101   1765074
18751   12678
33712   1316542
13612   821431
356   47106
31661   521221
3650   1765218
2333   1748114
14406   1087659
110543   4080
1129   846641
4185   3525
36113   127755
2607   6540
2607   1142332
2956   1967034
6300   12594
1156310   24493
24319   1733106
632848   632847
5126   763951
4653   112752
23361   1424561
11037   273223
5987   1718
15114   1693832
12712   1084011
33712   1240235
8867   638442
1461   1708
5782   954512
14222   697415
3602   601149
23755   1919595
1886   8436
21169   56513
384   1119
4690   371906
19659   182366
65759   754
8301   1945239
2649   4189
7633   721482
4935   527125
2376   652041
42714   1763301
53730   185183
1606   1087133
50879   1518833
758   750747
160   142
5386   185157
3273   276929
1611   1124273
862   550
155   86703
63   348917
37848   2123285
8754   1971175
11651   1511614
3720   1506476
13607   601066
353   242926
34703   899
9058   1006615
10902   1888265
13176   1720507
67022   8056
14078   966
3557   2893
1886   201
377   734131
133643   133642
21106   622337
8371   1078620
7284   528565
6562   1151911
31084   588063
4303   1485441
2174   27525
46938   232390
1569   1666963
1232   384396
64325   1096604
3185   1011190
13793   329
22213   2066010
3785   1052054
3640   1350940
10449   6388
13813   2153034
8997   271101
6712   952156
155   443168
5771   1220767
5162   202948
26507   2307550
3991   1572226
22106   1813497
7171   959678
27166   95304
14249   1536462
24155   2212574
2920   1431954
2920   1562908
12693   1618754
9738   833436
823   391084
5780   570229
24816   2066727
5987   101393
879   2324704
37284   2302339
3658   2159775
4320   1746437
5683   6323
1591   276011
6562   1466207
4392   1767159
3190   297713
5913   1710
13177   561705
8142   1793387
24108   1554096
1551   772463
1896   60278
27402   2047394
35829   1102457
3620   296536
438591   438590
1971   993402
2   3
3215   2334519
4018   994463
476   1083702
4466   342822
76819   31595
2607   1488252
7452   1491134
494   42373
15223   599988
994   1440162
1358   36054
3355   157693
40226   1571869
11546   1503028
3410   155535
18915   1528902
3825   1545611
172   4932
297   1293516
7438   464543
13950   1978807
3504   1048868
14034   2314
7333   1533342
12762   1508653
3102   1944170
7307   72605
17625   1675841
3585   581754
365   481686
1760   821929
175154   1774648
1117   60885
205   906417
27604   1208556
1528   170683
779612   31089
292606   32459
3805   1330529
8013   4709
1659   697038
7425   685228
20307   1214689
1710   35412
9513   1416184
3975   921
615270   1581432
2465   1389
2602   825961
555   909559
65850   503574
11188   2123238
12920   520489
31830   262281
530   3282
184   309077
23437   2355430
46245   487766
1549   174360
476   1031537
7419   355261
6718   669807
205   797264
170   51673
43511   13980
224   538002
528   2458
2820   39
192673   588643
7318   949989
7438   1516138
17181   894654
885   887
56050   8164
35672   802530
1907   7902
2387   2207927
840   4339
3448   336526
2607   1127200
1629   817373
989   533984
3971   741892
984   174907
72441   7307
8275   82553
1078   10877
13176   260142
1059   30755
1718   1065707
3215   1945747
34272   381104
15111   149857
764   2174543
6506   4284
4314   1740620
4314   99954
14772   1210320
44852   1727792
1344   303398
22304   1094361
3096   128353
13617   808878
3714   2056622
9460   670259
206   115591
396   8329
1674632   49693
24492   1746957
11109   492226
4603   420172
2297   4112
4248   4690
9460   851779
22022   617827
3690   374784
1864   4831
1759   1408892
3215   2318429
13176   327015
11509   984969
15845   133361
1695   18505
22743   1058274
4565   825685
8275   2340214
8021   2064
458   778013
6351   853943
4704   6468
6917   6828
2285   1612187
2093   600003
198178   2355058
60059   4567
8615   2269773
5174   892402
56554   1112755
4709   868746
3215   1983218
18135   2183857
13120   101280
5987   1482740
23850   2169844
528   1450
4061   82470
66720   1433004
1896   1180680
4935   446803
2418   1924925
43396   21982
10551   1906800
3277   1118227
706   30917
9275   940090
9957   112860
3766   1466144
215   528953
3336   1084529
13824   261061
8056   1903873
343   4135
10426   883378
9505   14090
34136   1864
45   1797846
16115   352232
358   30166
1249   972006
31070   1513
476   1107233
9376   503627
25737   530374
20019   2131420
12762   1248625
6468   8105
30550   820603
13984   659358
5813   1740230
3215   2238483
634   907
28292   1840985
3   1163519
360556   302
38336   2129816
3124   334779
3   4
3048   2349830
5700   423409
612   6623
7153   1862942
1720   585437
7245   3473
15114   1213712
5273   618868
11188   2315787
2387   1936084
155   444336
12926   1177138
11295   1508462
20088   946355
2102   2079709
989   500
13616   11728
823   447
4447   437715
7307   699009
20891   2379388
13546   351577
605487   1027322
14439   4813
923   1424
2937   2920
5390   377
9005   3460
19643   493399
95269   8103
7136   1392005
1574   605078
1617   1657
24832   118324
75988   130025
2333   858532
6425   6376
64935   1296671
2219   114886
5553   586954
11267   472971
15058   567488
4447   601081
41495   1524151
59874   864471
3215   2004294
12693   448256
27094   813253
21360   1786966
1803   811840
3433   477852
22631   388449
1344   436527
1764   957623
4206   257224
1694   901432
1   2
3047   2360200
67926   729888
3887   2287091
543403   6806
281   2889
11728   1051998
8392   1600
2627   907
3658   503418
15242   726905
38494   1183570
50774   271705
4318   1586390
141693   15285
3690   2027505
1454   274692
3215   2293890
7234   34764
12088   803095
9023   65278
3215   2298250
299   141393
1382   1093839
15661   485780
15940   267576
4301   180
8103   1279968
1606   361124
4335   1344348
3215   242205
10168   2131019
5273   673346
5031   463677
182132   5021
22128   848887
44852   1724419
18738   172
11414   1797233
205   167796
2093   808100
3215   2028832
4935   452741
10911   1719044
7303   1253371
2641   1951168
102   10462
199   2270
17613   29743
63   333534
1199   105277
10873   1527483
55378   3607
2117   359824
8643   3628
32369   1148695
7647   229015
483   494345
3215   2112881
17193   1866265
2934   2893
28563   9435
3765   97995
7812   1808390
5593   1252503
62   4035
9148   6076
3398   110428
5813   1319082
12920   592870
65744   3991
157778   25688
9460   246168
8102   532804
2845   552058
170   469257
22905   1203044
13794   1970
1886   8524
14289   878692
1033   607950
736   28067
14249   1497410
9804   9145
1929   1133290
3215   2119009
1298   1824556
19440   184264
19440   4493
1232   651559
1007   30559
5393   1331625
59390   1275381
31129   1343193
1511   212826
1661   187652
6218   2194461
7445   1010494
4027   1822424
4312   1460622
8563   434829
3814   329111
12088   2257320
9408   66859
1557   686108
5390   2290
29743   1491389
892   383845
2569   15746
3215   2288446
3595   1864748
3443   437784
8546   588521
1558   5583
886   577047
384   1119
299   1261634
2376   1306010
13177   709772
12153   413280
211   162186
11832   864207
17952   1105930
31084   588063
2255   1789720
31070   1513
706   30917
1806   2202735
155   444336
56554   1112755
6562   1466207
24816   2241899
9460   670259
1382   1093839
823   391084
2920   1771353
13794   1970
18915   1543775
95269   8103
1759   1408892
3215   2035855
141693   15285
32941   305631
8013   4709
1344   436527
8371   1078620
45879   3262
60576   25125
879   2324704
15768   1355053
3349   932968
5174   892402
21360   1786966
2300   67965
1439   2138
13115   3390
11766   1468953
862   550
32067   5715
2845   552058
6218   2194461
118163   2266
377   734131
160   142
4171   10148
5016   1007953
3215   242205
8301   1945239
12088   803095
841   773960
2938   1844536
5390   377
8103   1279968
138   8107
43485   521465
138   329411
885   887
280   1202786
24492   1746957
2093   243924
40820   2385440
1896   1592996
5913   1710
1597   5143
63   333534
178662   13861
13120   101280
10168   2131019
14034   2314
5273   357629
3975   921
2857   900050
3720   1506476
4276   1023976
3277   1118227
10449   6388
2305   1527
29874   167
1470   342961
438591   438590
4551   215112
1855410   1878093
2327   596873
3690   374784
170   469257
5973   1695886
4318   1586390
396   8329
1059   30755
40226   1571869
1674632   49693
59874   864471
3215   2121396
2   3
5593   1252503
67439   7368
1113   1310841
11109   471911
2387   2207927
4935   452741
14222   697415
4256   1965
16531   2188228
7333   1533342
11188   2315787
4335   1344348
615270   1581432
4777   1690438
18135   2183857
2652   7033
24108   1554096
4314   99954
6999   532856
5430   1756097
1461   1708
1896   1180680
11727   1235889
43511   13980
5771   1220767
476   1031537
1156310   24493
1694   901432
7153   1862942
155   443168
28563   9435
6908   490130
30550   820603
8870   1252584
88692   67351
1473   18935
2285   1612187
9023   27100
8056   1903873
5171   1764076
892   383845
3658   1788204
5987   1482740
32369   1148695
50774   271705
758   750747
68636   4447
5781   1172030
3813   18363
299   370351
56050   8164
6506   4284
61591   1409186
5648   22403
15058   567488
21975   546788
3620   296536
1482   426993
4320   1746437
152823   923
2602   825961
10873   1527483
4466   276547
3786   34372
343   4135
20892   61232
13771   2130155
1379   1761080
65759   754
777   1392043
958   288163
9376   503627
494   42373
1383   1354
8481   141650
77336   2326399
634   907
1661   187652
13501   121662
2920   1431954
9935   1805543
14429   827442
4653   112752
3273   276929
3048   2349830
1574   605078
6388   19084
28395   1016546
2371   2243245
18738   172
3215   2238483
22743   631343
14406   1087659
102   10462
12120   2195114
2607   1127200
24816   2066727
37284   2182007
5780   570229
16806   1204835
17625   1675841
13987   1713391
3215   2112881
7245   3473
34136   1864
3215   1983218
4161   4447
21464   18935
1987   344741
170   51673
1904   1608523
54804   1041714
892   36070
15875   1073955
5412   242
1344   303398
1659   1693673
22631   388449
6718   669807
2207   427949
5683   6323
3690   2063861
7647   229015
175154   1774648
55315   2534
138   301318
9513   1416184
64325   1030010
7250   1136
22577   919888
6300   12594
8275   82553
13824   261061
1110   134432
4185   3525
8618   1610525
8546   588521
7318   949989
182132   5021
1759   1436353
2219   114886
1581   272780
6444   984614
19643   493399
6223   19938
8754   1971175
3821   358719
1354   199354
3336   1084529
2607   1076731
880   27180
3215   2186263
2410   319695
3971   741892
555   909559
45896   344577
2934   2893
62   4035
1188   409989
26507   2307550
6323   331202
13942   913924
13984   659358
4935   446803
8061   813477
3215   2004294
35672   802530
19674   20528
35783   2206176
8392   1600
1007   30559
2017   1669934
3658   2159775
2102   2079709
6712   862696
12120   1895069
7451   1353546
3124   1612
11934   329037
7438   1516138
14368   1659036
1032118   1726
15114   1213712
7924   138
5648   17718
9275   11553
13607   601066
1358   36054
20891   2379388
16088   560141
110543   4080
22631   392779
1720   585437
3433   477852
13176   260142
8834   188329
1591   243531
17001   846219
528   1450
13793   329
46938   232390
1902824   2082785
3215   2028832
13612   821431
1033   607950
3410   155535
2820   39
3215   2318429
3273   26094
15940   267576
476   1083702
290   254716
215   528953
32220   280609
63   554317
3595   1864748
9058   1006615
13177   561705
24108   1494000
1695   18505
7303   1173432
4709   868746
754   1726436
27604   1208556
3640   1350940
7284   528565
989   533984
1896   1066418
60059   4567
6562   1151911
1558   5583
45   1797846
473539   2409
17193   1866265
75686   674100
3887   2287091
18004   1329
28152   292202
64935   1296671
951   232219
2857   958
1661   1759
20696   10096
1903   2318542
3650   1765218
4935   527125
1907   7902
1190   846278
20264   956002
3045   504083
29727   2081053
6917   6828
23850   2169844
432   5371
5273   673346
8752   2179318
64325   1096604
62430   2321412
605487   1027322
8525   1990083
81850   154413
3448   336526
1517809   2165
4704   6468
9460   851779
3690   2027505
16092   567557
44376   2651
3332   7277
4392   1767159
4748   587703
522   1382
27094   813253
15242   726905
1210   561859
9460   246168
4466   342822
6036   1603508
3822   1177610
5393   1713870
994   1382629
3766   1466144
476   1107233
44852   1727792
5987   101393
5000   1597
2890   64935
1298   1824556
8563   434829
16527   2337531
22213   2066010
2093   600003
6456   1647084
11414   1797233
214   37619
16123   66798
6425   6376
1913   2233362
13526   1248249
19440   4493
11546   1503028
14498   776502
1985   1252003
7605   670596
25   2281471
14439   4813
3823   716774
29743   1491389
32688   7128
4314   1740620
4603   420172
198178   2355058
25   860083
1067   25267
3215   2298250
4061   82470
83   19253
8720   1741682
1344   1236578
2207   166155
14772   1210320
48321   2064662
8867   638442
2117   359824
1097   1588403
3557   2893
22631   209097
1569   1666963
632848   632847
2641   1951168
2607   1142332
1551   772463
24155   2212574
2607   6540
1806   2342457
3455   713006
3102   1944170
5553   586954
3047   2360200
1896   620123
58778   1248
5177   1119407
9275   940090
8127   2246065
138   97174
1129   1815549
8720   1691741
7208   93158
60355   414515
22743   1058274
477   11782
26215   1003
1581   294112
11651   1511614
65744   3991
11109   492226
14249   1536462
81   583518
11300   5285
24803   784505
1900   2351181
27166   95304
1606   361124
1614893   4996
65850   503574
2093   494543
418   9887
13616   11728
1725   9523
6714   217880
243   5529
1078   10877
205   906417
1571770   1571771
5700   423409
1075   529642
3805   1330529
3523   1515421
34272   381104
3960   1265936
33712   1240235
299   141393
14864   8758
3690   1437578
227635   2053
59390   1275381
12313   329035
33712   1316542
1929   1133290
11728   1873020
8986   901228
192673   588643
1886   8436
22128   848887
36387   346547
4980   1606799
19659   182366
6712   952156
7633   721482
764   2174543
915   364506
984   174907
9023   65278
4447   601081
5782   954512
2019   414223
1129   846641
14289   878692
1036   882257
1   2
10551   1906800
543403   6806
13813   2153034
3215   2142413
7445   1010494
224   538002
3   4
5998   1536
1232   1463957
215   333456
17031   2216226
1803   811840
6239   1016455
5031   463677
22106   1813497
75988   130025
27402   2047394
20307   1214689
15661   485780
4709   798362
10752   1979
16106   819453
26507   2375280
1764   2042774
206   115591
3215   2305175
8643   3628
8615   2269773
1720   530192
17181   894654
612   6623
1232   384396
1393034   11847
1511   212826
31661   521221
1482   923
9738   833436
13526   1224040
1764   957623
8056   2151611
6351   853943
184   309077
4879   1778430
5273   618868
144   36512
3658   503418
2418   1190583
1557   686108
7419   355261
823   294256
9408   66859
7902   649526
1581   233637
10646   310152
21859   1460737
38494   1183570
4704   1409015
1719   1940834
7902   1661427
1226   469
16111   801498
353   242926
2621   6080
205   167796
17552   1613771
1249   169286
2868   13120
10956   941782
1964   58000
8560   3302
1754   1170029
16996   1464775
12515   66801
20099   30474
1211564   3493
483   494345
2864   86374
34703   899
7303   1253371
587324   587323
3493   2558
18433   1996252
13893   1120587
7425   685228
6908   1835154
3355   157693
68195   1157980
23361   1424561
3602   601149
3215   2319783
1710   202765
5126   763951
48303   85675
36387   1449543
1710   761478
24803   2184272
3185   1011190
24319   1733106
3825   1545611
3524   1384317
3215   2299774
41495   1524151
358   30166
3823   2268554
5162   202948
7303   575251
12693   1618754
458   778013
1570   273830
779612   31089
16115   352232
6777   628779
7368   1099751
46245   487766
4248   4690
31129   1343193
157778   25688
1446   189109
50879   1518833
923   1424
530   3282
935448   1558
11728   199038
1085   1619721
8158   2278850
1528   1289903
19688   1143493
201   2042244
4301   180
163659   1200329
15111   149857
256572   1627492
10879   23860
17613   29743
1617   1657
4018   1905079
38336   2129816
830   1888056
18751   12678
23437   2355430
887   721100
4311   2371197
7307   72605
1199   105277
2459   19245
281   2889
22905   1203044
37848   2123285
7438   464543
8997   271101
4565   825685
63   348917
62524   695603
1777   57310
3215   2288446
24803   1513150
5628   11520
76819   31595
2465   1389
138   733316
6817   2232065
7301   351695
1190   1427956
3765   97995
199   2270
2937   2920
44852   1724419
3504   1048868
24832   118324
21106   622337
3205   1847698
17623   2115968
2333   858532
12712   1084011
1020   16871
297   1293516
34658   2327744
1629   286482
7810   362
16195   657722
133643   133642
1764   1122714
14249   1497410
18694   5515
155   86703
1935   203449
5987   1718
7756   1930473
20703   1497396
18915   1528902
38135   470678
3215   1945747
2174   27525
14078   966
989   500
13176   1720507
1249   972006
1549   174360
223044   1695
2635   432369
31544   2307300
50528   142106
8142   1793387
12088   2257320
72441   7307
24772   1591839
3785   1052054
3   1163519
5027   19010
16996   2254204
1117   60885
1617   277443
1864   4831
3714   2056622
28292   1840985
7605   27589
41488   752388
1629   817373
4935   815734
994   1440162
6714   1648172
43396   21982
55378   3607
1913   1882137
83   34030
5725   997810
1659   609468
13040   31248
159591   34732
3585   581754
22005   2356784
13415   359993
4294   1358829
2543   369195
1013   375850
11037   273223
9148   6076
3531   1067522
536   1603687
172   4932
13950   1978807
7812   1808390
12920   592870
205   797264
10911   1719044
12762   1248625
35770   990798
292606   32459
11509   984969
21169   56513
2418   2200150
1713   940357
8102   532804
9957   112860
10426   883378
15937   1986196
528   6055
13546   351577
5393   1991162
1190   549323
18916   1644
12466   1333
2093   808100
241   1014806
1971   993402
5   93505
14249   1503473
2627   907
34679   1858797
8275   2829
11295   1508462
7408   267763
33118   2077622
12693   448256
5045   523226
1718   1201475
1055   754
3215   2133455
4276   411187
19440   184264
4465   174611
16580   1901620
6128   1935756
1454   274692
20019   2131420
9021   1886871
3124   334779
12912   87608
10902   1888265
360556   302
62530   1511
1618   1642053
9804   9145
5393   1331625
24803   2182587
365   481686
1360   1158825
27378   413652
2247   184492
41564   1127329
1101   1765074
1659   738107
182781   1480174
10155   2262054
1113   361415
528   2458
55134   1149991
2327   36600
1710   35412
2376   714799
2649   4189
4275   505605
5813   1319082
6224   1381929
1066   8350
8021   2064
15113   1997857
35829   1102457
3102   21175
1886   8524
3398   110428
2418   1924925
20088   946355
7136   1392005
28477   1835853
4018   994463
1214   9514
4013   774933
2562   472585
7756   1824114
2857   149396
1720   601149
1329   1729
170   352004
5591   1045680
6112   447530
1190   953857
15623   2925
966   378153
12762   1508653
3124   393738
49106   12490
22932   604035
3823   1293816
4355   947
1048161   3058
4018   910344
7452   1491134
8103   1346330
55378   2294648
49663   17910
4312   1460622
5386   185157
12920   520489
7234   34764
13176   327015
1722   775937
7307   699009
4944   18782
603   1688
8431   1996803
1718   1065707
1661   332714
3991   1572226
6714   1766406
3096   128353
2607   1488252
11188   2123238
2956   1967034
67926   729888
8275   2340214
2   1
736   28067
3519   1645074
1329   77350
1760   821929
1573   1034
45533   176413
37284   2302339
5620   75709
2387   1936084
1611   1124273
2333   1748114
66720   1433004
1659   697038
4027   1822424
3814   329111
14507   1376158
7451   1705507
14129   290225
26798   864266
886   577047
31830   262281
13617   808878
11267   472971
3658   1960462
7756   1727454
31507   50334
3215   2334519
25715   1304
356   47106
777   11036
16560   704739
440016   2258951
209842   557419
2589   1857714
53730   185183
2569   15746
15845   133361
5780   983252
299   120154
5390   2290
3190   297713
2321   199
3215   2119009
6766   9362
12926   1177138
16550   2768
493   2889
42714   1763301
15114   1693832
3129   7661
1232   651559
867   116058
11728   1051998
1382   533025
15619   2306330
1233   353418
4303   1485441
3659   2032308
879   57000
1886   201
2297   4112
5813   1740230
2023   1974413
23755   1919595
14019   798434
8275   12069
1528   170683
1646   2158
7171   959678
16953   1431122
4173   724
7018   1804320
3215   2293890
9468   41134
9963   942622
9505   14090
523   427078
806621   2282999
22022   617827
1055   1556166
2376   652041
25737   530374
4690   371906
3115   2108417
2938   1965810
8481   3279
1439   177984
28020   10786
9631   11481
744   153471
5000   7446
1129   965992
3723   131
840   4339
4447   437715
1606   1087133
10879   518694
9005   3460
823   447
7330   547447
67022   8056
6468   8105
63328   823720
22304   1094361
29095   192707
3443   437784
3856   1614081
2920   1562908
2621   201160
1591   276011
1080   1757
32067   501768
1896   60278
4565   2920
15223   599988
36113   127755
6994   1341915
62406   1958728
13859   430571
