2   1
1   2
2   3
3   4
3355   157693
8643   3628
4018   1905079
3765   97995
36387   1449543
11300   5285
2093   494543
1358   36054
37284   2182007
215   333456
77336   2326399
2459   19245
9376   503627
34658   2327744
3443   437784
201   2042244
2285   1612187
8103   1346330
1439   177984
20307   1214689
1629   817373
8013   4709
3215   2035855
3690   1437578
205   167796
2857   900050
4161   4447
3493   2558
4935   815734
7136   1392005
1611   1124273
56554   1112755
15845   133361
4027   1822424
297   1293516
2845   552058
24108   1554096
24803   1513150
6999   532856
10879   518694
1886   8436
64325   1030010
16195   657722
62430   2321412
1913   2233362
3960   1265936
1129   1815549
7307   72605
2418   2200150
1581   272780
10873   1527483
1199   105277
1760   821929
13942   913924
8997   271101
2093   600003
138   733316
20891   2379388
41488   752388
6300   12594
12693   1618754
32941   305631
5628   11520
841   773960
38336   2129816
30550   820603
9408   66859
3658   503418
3524   1384317
3823   716774
53730   185183
2920   1771353
6712   952156
6388   19084
13526   1224040
758   750747
5273   673346
15114   1693832
13176   260142
2247   184492
13987   1713391
64325   1096604
37848   2123285
6456   1647084
178662   13861
8158   2278850
55315   2534
24803   784505
1078   10877
966   378153
2956   1967034
1806   2202735
25   860083
3856   1614081
2207   166155
20088   946355
360556   302
3658   2159775
9957   112860
55378   2294648
3215   2004294
1710   35412
10162   2043253
8102   532804
170   352004
7756   1824114
612   6623
133643   133642
1985   1252003
7438   464543
3766   1466144
4447   601081
2543   369195
1720   585437
892   383845
15875   1073955
118163   2266
1710   761478
13793   329
138   301318
13617   808878
13120   101280
1214   9514
2569   15746
280   1202786
634   907
3448   336526
4980   1606799
11728   1051998
14289   878692
1759   1408892
3215   2305175
32688   7128
7284   528565
12153   413280
4603   420172
17952   1105930
3823   2268554
11546   1503028
9005   3460
16106   819453
11727   1235889
1007   30559
155   86703
13501   121662
175154   1774648
1659   738107
13177   561705
299   370351
8127   2246065
102   10462
2857   958
5393   1331625
1896   1180680
18738   172
7303   575251
13415   359993
1344   436527
1935   203449
1549   174360
779612   31089
2607   1488252
41564   1127329
15768   1355053
1033   607950
7234   34764
1360   1158825
206   115591
2321   199
31084   588063
4303   1485441
18915   1543775
6323   331202
2387   1936084
3277   1118227
54804   1041714
4311   2371197
2607   1127200
2934   2893
1722   775937
10902   1888265
11509   984969
7368   1099751
1382   533025
353   242926
24803   2184272
8056   2151611
6036   1603508
555   909559
1591   276011
32067   501768
3124   393738
32067   5715
1190   549323
2174   27525
4314   99954
862   550
7452   1491134
2938   1965810
8720   1691741
7756   1727454
75988   130025
2920   1431954
27604   1208556
1511   212826
4312   1460622
3785   1052054
1382   1093839
5780   570229
4879   1778430
1446   189109
4551   215112
209842   557419
706   30917
3215   2142413
3658   1788204
1913   1882137
7633   721482
2117   359824
14439   4813
8481   141650
49106   12490
3215   2121396
3349   932968
3822   1177610
5683   6323
2627   907
17001   846219
25737   530374
27402   2047394
83   19253
4355   947
483   494345
5593   1252503
1032118   1726
5045   523226
31070   1513
1113   1310841
62524   695603
3805   1330529
9460   851779
3723   131
12515   66801
1020   16871
5553   586954
5412   242
25715   1304
31507   50334
4704   1409015
10879   23860
1233   353418
1329   77350
1113   361415
1617   1657
2333   1748114
46938   232390
4256   1965
7812   1808390
5998   1536
23850   2169844
16123   66798
14034   2314
22106   1813497
1591   243531
155   444336
1855410   1878093
4653   112752
5620   75709
13859   430571
29874   167
40226   1571869
14222   697415
10168   2131019
8392   1600
75686   674100
10449   6388
1710   202765
20264   956002
9935   1805543
8275   2340214
3129   7661
3519   1645074
3215   2299774
5987   1482740
19440   184264
9505   14090
3273   276929
31129   1343193
543403   6806
60059   4567
29727   2081053
1059   30755
14406   1087659
887   721100
1055   754
879   2324704
155   443168
5273   357629
3215   2238483
7810   362
4466   276547
528   1450
1659   697038
170   51673
4935   452741
11109   492226
64935   1296671
1129   965992
1971   993402
2465   1389
4465   174611
13616   11728
9460   670259
7902   1661427
3650   1765218
8563   434829
7208   93158
243   5529
6112   447530
523   427078
2300   67965
9804   9145
923   1424
3047   2360200
1110   134432
476   1107233
3690   374784
11295   1508462
5781   1172030
1864   4831
5813   1319082
7301   351695
15937   1986196
14498   776502
6714   1766406
3658   1960462
63   554317
138   329411
22577   919888
3410   155535
9631   11481
1719   1940834
3215   2298250
2376   714799
823   294256
18751   12678
205   906417
1713   940357
205   797264
15623   2925
25360   1430595
11651   1511614
81   583518
3215   1945747
2093   243924
15940   267576
43396   21982
8061   813477
13040   31248
3620   296536
22932   604035
3215   2028832
22905   1203044
1379   1761080
17181   894654
3115   2108417
5031   463677
989   500
13824   261061
4690   371906
2562   472585
5390   2290
33712   1240235
1249   972006
15058   567488
8103   1279968
418   9887
144   36512
6128   1935756
13950   1978807
62406   1958728
76819   31595
764   2174543
2387   2207927
1473   18935
1439   2138
18915   1528902
16531   2188228
20019   2131420
24832   118324
6223   19938
17031   2216226
2607   1142332
1900   2351181
494   42373
8371   1078620
3821   358719
6425   6376
1659   609468
6908   1835154
4944   18782
299   1261634
1764   1122714
3659   2032308
603   1688
11188   2123238
12693   448256
34136   1864
15114   1213712
31661   521221
66720   1433004
12712   1084011
138   97174
530   3282
1075   529642
50774   271705
1764   957623
7250   1136
18916   1644
42714   1763301
1659   1693673
1249   169286
13176   1720507
1101   1765074
951   232219
65744   3991
21169   56513
16953   1431122
1190   846278
4276   1023976
3975   921
256572   1627492
27166   95304
17552   1613771
68195   1157980
16560   704739
10752   1979
2017   1669934
215   528953
4276   411187
2305   1527
1393034   11847
440016   2258951
138   8107
536   1603687
458   778013
72441   7307
34703   899
7333   1533342
95269   8103
4318   1586390
10155   2262054
34272   381104
1036   882257
1987   344741
1718   1065707
18004   1329
1759   1436353
3504   1048868
1156310   24493
1902824   2082785
8481   3279
5177   1119407
1558   5583
879   57000
7303   1253371
13115   3390
1528   170683
3215   2288446
44376   2651
13893   1120587
6506   4284
1806   2342457
1695   18505
4275   505605
377   734131
12313   329035
7171   959678
227635   2053
2649   4189
744   153471
1661   1759
3595   1864748
1597   5143
11267   472971
2255   1789720
13771   2130155
15242   726905
81850   154413
21360   1786966
994   1382629
35783   2206176
61591   1409186
3273   26094
48303   85675
22631   388449
2635   432369
6351   853943
7902   649526
7153   1862942
1581   294112
21464   18935
12088   803095
4335   1344348
3455   713006
3332   7277
20696   10096
5700   423409
7605   27589
2621   201160
24772   1591839
5987   1718
21106   622337
11109   471911
3215   2119009
1354   199354
10426   883378
172   4932
10646   310152
2868   13120
3602   601149
22213   2066010
22631   209097
17193   1866265
8056   1903873
1048161   3058
1907   7902
26507   2375280
8275   12069
16115   352232
299   141393
356   47106
9021   1886871
892   36070
1013   375850
9963   942622
18433   1996252
5987   101393
2019   414223
14129   290225
473539   2409
55378   3607
5000   7446
13984   659358
14507   1376158
224   538002
8615   2269773
5648   22403
1461   1708
4301   180
1571770   1571771
2418   1924925
3215   2133455
6817   2232065
1896   60278
45533   176413
2376   652041
2621   6080
15111   149857
1329   1729
1904   1608523
3215   2318429
2327   596873
1067   25267
32369   1148695
29743   1491389
1298   1824556
3336   1084529
5780   983252
1896   1592996
22631   392779
11766   1468953
62   4035
3720   1506476
9275   940090
3640   1350940
477   11782
27378   413652
8752   2179318
1661   332714
1097   1588403
13177   709772
915   364506
2297   4112
83   34030
22128   848887
3185   1011190
754   1726436
5393   1713870
11728   1873020
2207   427949
6712   862696
24108   1494000
7924   138
5386   185157
1574   605078
7756   1930473
6714   1648172
9468   41134
299   120154
12120   2195114
45879   3262
22022   617827
5273   618868
438591   438590
17625   1675841
1764   2042774
4709   868746
5126   763951
50528   142106
18135   2183857
17623   2115968
43485   521465
5016   1007953
25   2281471
13176   327015
3215   2319783
159591   34732
432   5371
2937   2920
823   391084
1117   60885
7445   1010494
199   2270
885   887
1569   1666963
12466   1333
7307   699009
56050   8164
67022   8056
10911   1719044
1614893   4996
36113   127755
12920   592870
886   577047
3215   2293890
1190   1427956
1661   187652
2219   114886
935448   1558
4206   257224
2607   6540
33118   2077622
777   11036
2023   1974413
615270   1581432
19688   1143493
5591   1045680
1188   409989
3814   329111
6777   628779
1720   530192
68636   4447
528   6055
4248   4690
1674632   49693
6718   669807
3124   1612
35672   802530
29095   192707
5973   1695886
3823   1293816
3786   34372
384   1119
1085   1619721
7425   685228
35770   990798
12762   1248625
396   8329
44852   1724419
2864   86374
1454   274692
24816   2241899
13813   2153034
141693   15285
2938   1844536
3215   2112881
7438   1516138
15619   2306330
3215   2334519
223044   1695
736   28067
1573   1034
3690   2063861
18694   5515
8431   1996803
9058   1006615
11414   1797233
5782   954512
14429   827442
24155   2212574
2857   149396
8754   1971175
157778   25688
3585   581754
38494   1183570
22304   1094361
6218   2194461
214   37619
4018   910344
8301   1945239
26507   2307550
24319   1733106
88692   67351
8525   1990083
1129   846641
8618   1610525
19440   4493
1886   8524
21859   1460737
27094   813253
9738   833436
1344   303398
34679   1858797
13607   601066
6562   1151911
20099   30474
38135   470678
2410   319695
1344   1236578
22743   631343
9023   27100
1232   651559
9460   246168
14249   1503473
11037   273223
5390   377
43511   13980
16111   801498
11832   864207
3102   21175
8720   1741682
31544   2307300
241   1014806
44852   1727792
1606   361124
4173   724
1718   1201475
522   1382
7330   547447
6714   217880
13612   821431
7419   355261
3523   1515421
358   30166
476   1083702
26215   1003
14078   966
2102   2079709
33712   1316542
6239   1016455
16088   560141
182781   1480174
13794   1970
2327   36600
3215   1983218
12926   1177138
12912   87608
4392   1767159
8275   82553
7303   1173432
1482   923
16996   1464775
2371   2243245
211   162186
7605   670596
3215   2186263
1618   1642053
14772   1210320
12120   1895069
19659   182366
3102   1944170
3531   1067522
20892   61232
12088   2257320
8142   1793387
777   1392043
4466   342822
4314   1740620
4777   1690438
958   288163
8021   2064
67926   729888
49663   17910
7408   267763
16806   1204835
9513   1416184
3971   741892
13546   351577
22743   1058274
35829   1102457
1383   1354
3813   18363
4061   82470
8560   3302
198178   2355058
1606   1087133
8275   2829
4447   437715
2820   39
3825   1545611
5430   1756097
182132   5021
994   1440162
4565   825685
10956   941782
1517809   2165
8867   638442
7451   1705507
1190   953857
14019   798434
40820   2385440
1066   8350
13526   1248249
22005   2356784
67439   7368
28152   292202
63328   823720
6917   6828
4565   2920
1694   901432
7018   1804320
12762   1508653
5171   1764076
10551   1906800
587324   587323
4935   527125
290   254716
7245   3473
55134   1149991
5174   892402
16550   2768
528   2458
1557   686108
1617   277443
806621   2282999
3205   1847698
14249   1497410
23755   1919595
3124   334779
3714   2056622
5648   17718
880   27180
50879   1518833
8986   901228
605487   1027322
15661   485780
16580   1901620
1896   620123
1470   342961
63   348917
65850   503574
41495   1524151
1581   233637
8834   188329
19643   493399
6766   9362
867   116058
2333   858532
28477   1835853
14368   1659036
31830   262281
1055   1556166
1754   1170029
632848   632847
59390   1275381
21975   546788
1570   273830
45896   344577
1528   1289903
5162   202948
63   333534
11728   199038
15113   1997857
1725   9523
2093   808100
5771   1220767
1211564   3493
23437   2355430
60576   25125
45   1797846
1886   201
170   469257
1803   811840
5027   19010
989   533984
152823   923
6444   984614
1720   601149
28395   1016546
23361   1424561
1232   1463957
36387   346547
3215   242205
7647   229015
1896   1066418
5000   1597
184   309077
4018   994463
3991   1572226
8546   588521
292606   32459
3557   2893
2602   825961
48321   2064662
5813   1740230
3   1163519
4935   446803
6562   1466207
24816   2066727
19674   20528
26798   864266
4013   774933
1903   2318542
110543   4080
12920   520489
3887   2287091
9023   65278
16996   2254204
2641   1951168
28563   9435
7318   949989
281   2889
163659   1200329
2589   1857714
476   1031537
11934   329037
28020   10786
840   4339
65759   754
20703   1497396
6994   1341915
16092   567557
59874   864471
4320   1746437
8870   1252584
5913   1710
1226   469
6468   8105
493   2889
4704   6468
3096   128353
6908   490130
13548   889906
14864   8758
1929   1133290
1777   57310
3690   2027505
1482   426993
5725   997810
1629   286482
7451   1353546
11188   2315787
2418   1190583
17613   29743
1080   1757
2920   1562908
160   142
2890   64935
4294   1358829
4185   3525
46245   487766
9275   11553
5393   1991162
3398   110428
32220   280609
192673   588643
830   1888056
365   481686
62530   1511
15223   599988
60355   414515
37284   2302339
3045   504083
1551   772463
3433   477852
984   174907
24803   2182587
2652   7033
3190   297713
58778   1248
14249   1536462
6224   1381929
4171   10148
3048   2349830
4709   798362
9148   6076
1646   2158
28292   1840985
2607   1076731
16527   2337531
823   447
4748   587703
343   4135
24492   1746957
1210   561859
1232   384396
1964   58000
2376   1306010
5   93505
